<?xml version="1.0"?>
<opencv_storage>
<globfeat type_id="opencv-matrix">
  <rows>1</rows>
  <cols>64</cols>
  <dt>f</dt>
  <data>
    5.87517776e+01 0. 0. 1.47535324e+01 0. 0. 0. 1.04671373e+01 0. 0. 0.
    7.39991522e+00 0. 0. 0. 0. 0. 0. 0. 1.00890398e+01 0. 0. 0. 0. 0. 0.
    0. 0. 0. 0. 0. 0. 0. 0. 0. 6.52025890e+00 0. 0. 0. 7.56967354e+00
    9.93857193e+00 1.29903622e+01 7.11055470e+00 1.83493195e+01
    5.81036072e+01 1.19100828e+01 6.48553562e+00 3.90058088e+00 0. 0. 0.
    4.32497644e+00 0. 2.96691060e+00 0. 0. 0. 3.36815739e+00 0. 0. 0. 0.
    0. 0.</data></globfeat>
</opencv_storage>
