<?xml version="1.0"?>
<opencv_storage>
<globfeat type_id="opencv-matrix">
  <rows>1</rows>
  <cols>64</cols>
  <dt>f</dt>
  <data>
    5.87946358e+01 0. 0. 5.20313358e+00 0. 0. 0. 6.85234118e+00 0. 0.
    3.01193309e+00 8.78415966e+00 0. 0. 0. 0. 0. 0. 0. 2.96934795e+00 0.
    0. 0. 0. 0. 0. 0. 0. 0. 0. 0. 0. 0. 0. 0. 4.72695398e+00 0.
    6.66264343e+00 6.72458553e+00 1.20128899e+01 1.44325018e+01
    1.23342142e+01 1.18967485e+01 1.85090637e+01 5.20313377e+01
    1.32904444e+01 5.38508844e+00 3.86750770e+00 0. 0. 0. 3.07774639e+00
    0. 4.43272924e+00 0. 0. 0. 0. 0. 0. 0. 0. 0. 0.</data></globfeat>
</opencv_storage>
