<?xml version="1.0"?>
<opencv_storage>
<globfeat type_id="opencv-matrix">
  <rows>1</rows>
  <cols>64</cols>
  <dt>f</dt>
  <data>
    6.76138153e+01 0. 0. 5.09938717e+00 0. 0. 0. 7.46709633e+00 0. 0.
    4.54768801e+00 8.40958309e+00 0. 0. 0. 0. 0. 0. 0. 0. 0. 0. 0. 0. 0.
    0. 0. 0. 0. 0. 0. 0. 0. 0. 0. 0. 5.36374283e+00 6.89240980e+00
    3.90786982e+00 7.61268377e+00 1.69915714e+01 1.14515915e+01
    1.01451368e+01 2.67267647e+01 3.81821861e+01 1.01719551e+01
    5.76602364e+00 0. 0. 0. 0. 3.10330844e+00 4.06495094e+00 0. 0. 0.
    4.52470016e+00 3.20675206e+00 0. 0. 0. 3.75078893e+00 0. 0.</data></globfeat>
</opencv_storage>
