<?xml version="1.0"?>
<opencv_storage>
<globfeat type_id="opencv-matrix">
  <rows>1</rows>
  <cols>64</cols>
  <dt>f</dt>
  <data>
    7.69719696e+01 0. 0. 0. 3.41294599e+00 0. 0. 0. 8.11806583e+00
    1.22939062e+01 1.99812469e+01 7.72749376e+00 7.54863358e+00 0. 0. 0.
    0. 0. 0. 0. 0. 0. 0. 0. 0. 0. 0. 0. 0. 0. 0. 0. 0. 0. 0. 0.
    3.50055099e+00 0. 0. 0. 1.46117887e+01 6.46087122e+00 6.88794565e+00
    1.46409912e+01 3.66152534e+01 1.11258392e+01 4.08823490e+00 0. 0. 0.
    0. 0. 4.43500471e+00 0. 0. 0. 6.62148046e+00 0. 0. 0. 6.21265697e+00
    3.74511504e+00 0. 0.</data></globfeat>
</opencv_storage>
