<?xml version="1.0"?>
<opencv_storage>
<globfeat type_id="opencv-matrix">
  <rows>1</rows>
  <cols>64</cols>
  <dt>f</dt>
  <data>
    5.72032700e+01 0. 0. 1.44538908e+01 0. 0. 0. 5.88181877e+00 0. 0. 0.
    0. 0. 0. 0. 0. 0. 0. 0. 1.03821564e+01 0. 0. 0. 2.98874474e+00 0. 0.
    0. 0. 0. 0. 0. 0. 0. 0. 0. 7.45464087e+00 0. 2.95813012e+00 0.
    9.62444687e+00 1.11322126e+01 8.10902691e+00 6.87679148e+00
    1.82807083e+01 6.42331390e+01 8.87439060e+00 4.97486305e+00
    2.91986203e+00 0. 0. 0. 5.49913692e+00 3.22600746e+00 0. 0. 0.
    4.37787962e+00 0. 0. 0. 5.54888582e+00 0. 0. 0.</data></globfeat>
</opencv_storage>
