<?xml version="1.0"?>
<opencv_storage>
<globfeat type_id="opencv-matrix">
  <rows>1</rows>
  <cols>64</cols>
  <dt>f</dt>
  <data>
    5.83676491e+01 0. 0. 1.46198206e+01 0. 0. 0. 1.14980001e+01 0.
    4.95026016e+00 4.41905069e+00 8.83810139e+00 4.42674923e+00 0. 0. 0.
    0. 0. 0. 1.18867836e+01 0. 0. 0. 0. 0. 0. 0. 0. 0. 0. 0. 0. 0. 0. 0.
    8.23760319e+00 0. 0. 0. 7.06740141e+00 8.21835613e+00 7.30221128e+00
    6.54773951e+00 1.95469856e+01 4.37170334e+01 5.62774563e+00
    3.53370070e+00 3.47211099e+00 0. 0. 0. 4.95026016e+00 3.21035552e+00
    0. 0. 0. 5.33904457e+00 0. 0. 3.23345160e+00 5.98958397e+00 0. 0. 0.</data></globfeat>
</opencv_storage>
