<?xml version="1.0"?>
<opencv_storage>
<globfeat type_id="opencv-matrix">
  <rows>1</rows>
  <cols>64</cols>
  <dt>f</dt>
  <data>
    5.62863503e+01 0. 0. 6.66454554e+00 0. 0. 0. 7.74385452e+00
    3.23037982e+00 5.17389107e+00 2.90583229e+00 6.27584314e+00 0. 0. 0.
    0. 0. 0. 0. 2.92092752e+00 0. 0. 0. 0. 0. 0. 0. 0. 0. 0. 0. 0. 0. 0.
    0. 3.22660613e+00 3.82664156e+00 4.06816530e+00 3.47567749e+00
    5.29842663e+00 1.20195789e+01 9.35149670e+00 5.88336706e+00
    1.49933405e+01 7.26118469e+01 1.13440676e+01 4.87576008e+00
    5.36635542e+00 0. 0. 0. 3.89834380e+00 0. 0. 0. 0. 3.55870128e+00 0.
    0. 0. 0. 0. 0. 0.</data></globfeat>
</opencv_storage>
