<?xml version="1.0"?>
<opencv_storage>
<globfeat type_id="opencv-matrix">
  <rows>1</rows>
  <cols>64</cols>
  <dt>f</dt>
  <data>
    7.94733353e+01 0. 0. 8.70836926e+00 0. 0. 0. 1.13133078e+01 0. 0.
    3.75217152e+00 1.09043932e+01 3.34325671e+00 0. 0. 0. 0. 0. 0.
    6.22459126e+00 0. 0. 0. 0. 0. 0. 0. 0. 0. 0. 0. 0. 0. 0. 0.
    3.90362144e+00 0. 0. 0. 4.11943769e+00 1.33881721e+01 1.06734324e+01
    4.83503819e+00 8.43575954e+00 2.47469158e+01 1.99876022e+01
    6.36468220e+00 0. 0. 0. 0. 0. 6.18294239e+00 0. 0. 0. 8.87875080e+00
    3.51742411e+00 0. 0. 1.20289087e+01 4.21787977e+00 0. 0.</data></globfeat>
</opencv_storage>
