<?xml version="1.0"?>
<opencv_storage>
<globfeat type_id="opencv-matrix">
  <rows>1</rows>
  <cols>64</cols>
  <dt>f</dt>
  <data>
    6.39681435e+01 0. 0. 2.82217765e+00 0. 0. 0. 0. 0. 0. 0. 0. 0. 0. 0.
    0. 0. 0. 0. 0. 0. 0. 0. 0. 0. 0. 0. 0. 0. 0. 0. 0. 5.22449732e+00
    7.28727913e+00 0. 0. 3.92111111e+00 8.21096706e+00 4.50891256e+00
    8.03207111e+00 5.02004433e+00 8.66003323e+00 7.36394882e+00
    1.83970947e+01 6.65201492e+01 2.03284416e+01 1.02080326e+01
    6.73963785e+00 0. 4.53446913e+00 0. 3.25298882e+00 0. 0. 0. 0. 0. 0.
    0. 0. 0. 0. 0. 0.</data></globfeat>
</opencv_storage>
