<?xml version="1.0"?>
<opencv_storage>
<globfeat type_id="opencv-matrix">
  <rows>1</rows>
  <cols>64</cols>
  <dt>f</dt>
  <data>
    8.02925186e+01 0. 0. 6.14499140e+00 0. 0. 0. 6.58691263e+00 0. 0. 0.
    0. 3.18869042e+00 0. 0. 0. 0. 0. 0. 0. 0. 0. 0. 0. 0. 0. 0. 0. 0. 0.
    0. 0. 0. 0. 0. 3.29917073e+00 0. 3.84014344e+00 2.95630074e+00
    5.49353838e+00 1.24347496e+01 1.35319338e+01 6.95264053e+00
    1.60539322e+01 5.00590134e+01 1.43700600e+01 3.74109197e+00
    4.26682615e+00 0. 0. 0. 3.78680801e+00 0. 0. 0. 0. 5.66116381e+00
    3.18869042e+00 0. 0. 5.75640535e+00 3.39441252e+00 0. 0.</data></globfeat>
</opencv_storage>
