<?xml version="1.0"?>
<opencv_storage>
<globfeat type_id="opencv-matrix">
  <rows>1</rows>
  <cols>64</cols>
  <dt>f</dt>
  <data>
    7.97905045e+01 0. 0. 5.52341175e+00 0. 0. 0. 7.20136309e+00 0. 0. 0.
    6.64827442e+00 0. 0. 0. 0. 0. 0. 0. 0. 0. 0. 0. 0. 0. 0. 0. 0. 0. 0.
    0. 0. 0. 0. 0. 0. 3.20268178e+00 6.82391739e+00 3.33721685e+00
    5.56078243e+00 1.32218065e+01 8.92042160e+00 6.86876249e+00
    1.25790281e+01 5.78052330e+01 5.04506493e+00 3.13541436e+00
    4.40602303e+00 0. 0. 0. 2.88129258e+00 3.05693555e+00 0. 0. 0.
    4.80215406e+00 4.50318766e+00 2.94108582e+00 3.09430647e+00 0.
    3.65113211e+00 0. 0.</data></globfeat>
</opencv_storage>
