<?xml version="1.0"?>
<opencv_storage>
<globfeat type_id="opencv-matrix">
  <rows>1</rows>
  <cols>64</cols>
  <dt>f</dt>
  <data>
    8.22504883e+01 0. 0. 0. 0. 0. 0. 0. 0. 0. 0. 0. 0. 0. 0. 0. 0. 0. 0.
    0. 0. 0. 0. 0. 0. 0. 0. 0. 0. 0. 0. 0. 0. 2.25230179e+01
    9.06242371e+00 7.48549891e+00 0. 7.29767704e+00 7.94722891e+00
    6.37421751e+00 9.17589951e+00 1.02597904e+01 6.97681379e+00
    1.18171492e+01 2.89441910e+01 8.37765503e+00 4.33947659e+00
    3.57644868e+00 0. 4.15556717e+00 0. 3.34949660e+00 0. 0. 0. 0.
    6.90246773e+00 0. 0. 0. 1.41844921e+01 0. 0. 0.</data></globfeat>
</opencv_storage>
