<?xml version="1.0"?>
<opencv_storage>
<globfeat type_id="opencv-matrix">
  <rows>1</rows>
  <cols>64</cols>
  <dt>f</dt>
  <data>
    7.93588104e+01 0. 0. 3.30050850e+00 0. 0. 0. 5.82287884e+00 0. 0. 0.
    3.88693142e+00 0. 0. 0. 0. 0. 0. 0. 3.82302642e+00 0. 0. 0. 0. 0. 0.
    0. 0. 0. 0. 0. 0. 0. 2.11337795e+01 8.42419052e+00 6.75890017e+00
    3.27795386e+00 1.38561211e+01 7.56711102e+00 6.73258638e+00
    7.61597967e+00 6.82280493e+00 5.56349945e+00 1.19803200e+01
    2.52500172e+01 4.07488728e+00 3.74784398e+00 0. 0. 3.96963215e+00 0.
    3.48846459e+00 0. 0. 0. 0. 6.98444748e+00 0. 0. 0. 1.15592976e+01 0.
    0. 0.</data></globfeat>
</opencv_storage>
