<?xml version="1.0"?>
<opencv_storage>
<globfeat type_id="opencv-matrix">
  <rows>1</rows>
  <cols>64</cols>
  <dt>f</dt>
  <data>
    8.01502533e+01 0. 0. 9.87840939e+00 0. 0. 0. 2.38147697e+01 0.
    4.14550591e+00 3.64302039e+00 1.18084106e+01 0. 0. 0. 0. 0. 0. 0.
    7.19087315e+00 0. 0. 0. 0. 0. 0. 0. 0. 0. 0. 0. 0. 0. 0. 0.
    3.64302039e+00 0. 0. 0. 5.16189718e+00 8.39760017e+00 8.61077499e+00
    6.13641453e+00 1.16713696e+01 4.33089256e+01 6.05647373e+00 0. 0. 0.
    0. 0. 2.89309883e+00 3.04536700e+00 0. 0. 0. 4.51475668e+00
    2.96542621e+00 0. 0. 3.93613696e+00 4.02749777e+00 0. 0.</data></globfeat>
</opencv_storage>
