<?xml version="1.0"?>
<opencv_storage>
<globfeat type_id="opencv-matrix">
  <rows>1</rows>
  <cols>64</cols>
  <dt>f</dt>
  <data>
    4.47885551e+01 0. 0. 8.95771122e+00 0. 0. 0. 1.94696236e+01
    1.48988934e+01 1.06918316e+01 1.12583876e+01 1.95117321e+01 0. 0. 0.
    0. 0. 0. 0. 3.06629324e+00 0. 0. 0. 0. 0. 0. 0. 0. 0. 0. 0. 0. 0. 0.
    0. 0. 0. 0. 0. 0. 1.74407387e+01 1.19359579e+01 8.34138966e+00
    6.50773859e+00 4.47694130e+01 5.94501066e+00 3.41464877e+00
    3.32277489e+00 0. 0. 0. 0. 3.28066587e+00 0. 0. 0. 7.23890209e+00 0.
    0. 0. 6.97476435e+00 0. 0. 3.18496394e+00</data></globfeat>
</opencv_storage>
