<?xml version="1.0"?>
<opencv_storage>
<globfeat type_id="opencv-matrix">
  <rows>1</rows>
  <cols>64</cols>
  <dt>f</dt>
  <data>
    8.28545837e+01 0. 0. 1.11296034e+01 0. 0. 0. 1.18955450e+01
    7.86653471e+00 1.03988323e+01 1.42988825e+01 1.87225876e+01
    3.26697612e+00 0. 0. 0. 0. 0. 0. 7.20610571e+00 0. 0. 0. 0. 0. 0. 0.
    0. 0. 0. 0. 0. 0. 0. 0. 5.88915443e+00 0. 0. 0. 6.65118837e+00
    6.27212524e+00 6.49487400e+00 5.56480169e+00 7.08496141e+00
    3.24157524e+01 3.50144815e+00 0. 0. 0. 0. 0. 3.94303703e+00
    3.15364814e+00 0. 0. 0. 6.38936138e+00 0. 0. 0. 0. 0. 0. 0.</data></globfeat>
</opencv_storage>
