<?xml version="1.0"?>
<opencv_storage>
<globfeat type_id="opencv-matrix">
  <rows>1</rows>
  <cols>64</cols>
  <dt>f</dt>
  <data>
    5.89741707e+01 0. 0. 1.64937038e+01 0. 0. 0. 7.42646360e+00 0. 0. 0.
    6.22713470e+00 0. 0. 0. 0. 0. 0. 0. 1.13604193e+01 0. 0. 0.
    3.14091372e+00 0. 0. 0. 0. 0. 0. 0. 0. 0. 0. 0. 9.63760471e+00 0.
    3.83629012e+00 0. 1.01571836e+01 1.21183014e+01 1.83493423e+01
    1.08369331e+01 1.64311981e+01 3.48899269e+01 1.26144409e+01
    7.33270502e+00 5.41456032e+00 0. 0. 0. 6.54357004e+00 0. 0. 0. 0. 0.
    0. 0. 0. 0. 0. 0. 3.21513915e+00</data></globfeat>
</opencv_storage>
