<?xml version="1.0"?>
<opencv_storage>
<globfeat type_id="opencv-matrix">
  <rows>1</rows>
  <cols>64</cols>
  <dt>f</dt>
  <data>
    8.37644501e+01 0. 0. 0. 0. 0. 0. 0. 1.00264082e+01 9.35107422e+00
    6.86078024e+00 7.09868193e+00 3.17330265e+00 0. 0. 0. 0. 0. 0. 0. 0.
    0. 0. 0. 0. 0. 0. 0. 0. 0. 0. 0. 0. 4.78489542e+00 0. 3.31911349e+00
    0. 6.55381012e+00 0. 3.38050747e+00 1.03026819e+01 5.65592289e+00
    3.76422000e+00 8.95968819e+00 4.14140930e+01 5.38732386e+00 0. 0. 0.
    0. 0. 0. 6.46555614e+00 0. 0. 0. 1.53369904e+01 0. 0. 0.
    1.60506954e+01 3.34981036e+00 0. 0.</data></globfeat>
</opencv_storage>
