<?xml version="1.0"?>
<opencv_storage>
<globfeat type_id="opencv-matrix">
  <rows>1</rows>
  <cols>64</cols>
  <dt>f</dt>
  <data>
    7.94845810e+01 0. 0. 1.25670643e+01 0. 0. 0. 3.56715393e+00 0. 0. 0.
    0. 0. 0. 0. 0. 0. 0. 0. 1.11363869e+01 0. 0. 0. 0. 0. 0. 0. 0. 0. 0.
    0. 0. 0. 0. 0. 7.04274416e+00 0. 0. 0. 1.07777643e+01 5.03979683e+00
    9.86594677e+00 1.07472429e+01 1.86636543e+01 4.26685028e+01
    1.21473989e+01 6.27208662e+00 5.33356285e+00 0. 0. 0. 5.55484056e+00
    0. 0. 0. 0. 3.55952358e+00 3.87999511e+00 0. 3.13985848e+00
    3.55189323e+00 0. 0. 0.</data></globfeat>
</opencv_storage>
