<?xml version="1.0"?>
<opencv_storage>
<globfeat type_id="opencv-matrix">
  <rows>1</rows>
  <cols>64</cols>
  <dt>f</dt>
  <data>
    5.97008400e+01 0. 0. 1.43847971e+01 0. 0. 0. 9.49946880e+00 0.
    5.97401428e+00 4.13071632e+00 4.53160429e+00 3.94206333e+00 0. 0. 0.
    0. 0. 0. 9.57807446e+00 0. 0. 0. 3.82415509e+00 0. 0. 0. 0. 0. 0. 0.
    0. 0. 0. 0. 9.21648884e+00 0. 0. 0. 1.10362053e+01 1.11776953e+01
    1.24982662e+01 8.95709133e+00 1.76705055e+01 2.73036041e+01
    1.23253345e+01 7.85661459e+00 4.99537659e+00 0. 0. 0. 6.68539381e+00
    0. 0. 0. 0. 0. 3.06168222e+00 0. 0. 0. 3.57654810e+00 0.
    3.07347322e+00</data></globfeat>
</opencv_storage>
