<?xml version="1.0"?>
<opencv_storage>
<globfeat type_id="opencv-matrix">
  <rows>1</rows>
  <cols>64</cols>
  <dt>f</dt>
  <data>
    5.74919548e+01 0. 0. 1.37584352e+01 0. 0. 0. 6.58045006e+00
    4.62522459e+00 4.19409132e+00 0. 6.67499685e+00 4.47394991e+00 0. 0.
    0. 0. 0. 0. 1.40269480e+01 0. 0. 0. 3.20324206e+00 0. 0. 0. 0. 0. 0.
    0. 0. 0. 0. 0. 8.98193645e+00 3.31291628e+00 0. 0. 9.60216236e+00
    1.41971321e+01 5.91484165e+00 4.74246216e+00 2.13146076e+01
    3.57046165e+01 5.46858120e+00 3.78186798e+00 4.08063555e+00 0. 0. 0.
    4.51176834e+00 0. 0. 0. 0. 8.39952850e+00 0. 0. 2.93094754e+00
    7.02671051e+00 0. 0. 0.</data></globfeat>
</opencv_storage>
