<?xml version="1.0"?>
<opencv_storage>
<globfeat type_id="opencv-matrix">
  <rows>1</rows>
  <cols>64</cols>
  <dt>f</dt>
  <data>
    7.77569885e+01 0. 0. 1.21024303e+01 0. 0. 0. 1.46493254e+01 0. 0.
    3.44448018e+00 1.33590479e+01 0. 0. 0. 0. 0. 0. 0. 1.66202717e+01 0.
    0. 0. 0. 0. 0. 0. 0. 0. 0. 0. 0. 0. 0. 0. 6.39902878e+00 0. 0. 0.
    5.41916609e+00 9.72009182e+00 7.37889194e+00 6.43268824e+00
    1.07597933e+01 3.37229958e+01 6.60098553e+00 3.15276527e+00
    3.30984259e+00 0. 0. 0. 4.29718542e+00 0. 0. 0. 0. 3.35098195e+00
    4.19246721e+00 0. 3.42204070e+00 0. 2.97324848e+00 3.08170652e+00
    2.85357046e+00</data></globfeat>
</opencv_storage>
