<?xml version="1.0"?>
<opencv_storage>
<globfeat type_id="opencv-matrix">
  <rows>1</rows>
  <cols>64</cols>
  <dt>f</dt>
  <data>
    4.86792526e+01 0. 0. 1.47256432e+01 0. 0. 0. 2.16389847e+01
    4.75057125e+00 6.76664925e+00 7.12397671e+00 2.32300320e+01
    4.78818464e+00 0. 0. 0. 0. 0. 0. 1.21829777e+01 0. 0. 0. 0. 0. 0. 0.
    0. 0. 0. 0. 0. 0. 0. 0. 8.97079372e+00 0. 0. 0. 7.30075932e+00
    5.35238552e+00 8.16586781e+00 5.11166000e+00 1.17278557e+01
    3.47021141e+01 5.79998493e+00 4.04720116e+00 4.15628004e+00 0. 0. 0.
    4.64149284e+00 0. 3.11062765e+00 0. 0. 4.51360703e+00 3.51309085e+00
    0. 0. 0. 0. 0. 0.</data></globfeat>
</opencv_storage>
