<?xml version="1.0"?>
<opencv_storage>
<globfeat type_id="opencv-matrix">
  <rows>1</rows>
  <cols>64</cols>
  <dt>f</dt>
  <data>
    7.94915848e+01 0. 0. 2.03293953e+01 0. 0. 0. 4.77801657e+00 0. 0. 0.
    0. 0. 0. 0. 0. 0. 0. 0. 2.26499290e+01 0. 0. 0. 0. 0. 0. 0. 0. 0. 0.
    0. 0. 0. 0. 0. 9.45712471e+00 0. 0. 0. 6.84367180e+00 5.42091846e+00
    9.76145744e+00 7.45994473e+00 1.39878721e+01 3.85588989e+01
    1.18765669e+01 4.59541702e+00 4.62204647e+00 0. 0. 0. 5.46276426e+00
    0. 0. 0. 0. 3.56449175e+00 0. 0. 0. 3.12701392e+00 0. 0.
    3.01288939e+00</data></globfeat>
</opencv_storage>
