<?xml version="1.0"?>
<opencv_storage>
<globfeat type_id="opencv-matrix">
  <rows>1</rows>
  <cols>64</cols>
  <dt>f</dt>
  <data>
    8.02540207e+01 0. 0. 1.08869534e+01 0. 0. 0. 3.10570645e+00
    6.63406038e+00 6.85670519e+00 0. 0. 4.08685303e+00 0. 0. 0. 0. 0. 0.
    1.62719402e+01 0. 0. 0. 0. 0. 0. 0. 0. 0. 0. 0. 0. 3.20382118e+00
    3.99251199e+00 0. 9.20390987e+00 0. 2.92457175e+00 0. 6.00386238e+00
    8.29446220e+00 6.77368546e+00 9.53599072e+00 1.46379528e+01
    1.88191471e+01 6.82274246e+00 3.71326256e+00 3.31703019e+00 0. 0. 0.
    5.08686781e+00 3.50948596e+00 0. 0. 0. 7.64916992e+00 0. 0. 0.
    9.35485554e+00 4.06043768e+00 0. 0.</data></globfeat>
</opencv_storage>
