<?xml version="1.0"?>
<opencv_storage>
<globfeat type_id="opencv-matrix">
  <rows>1</rows>
  <cols>64</cols>
  <dt>f</dt>
  <data>
    4.82686920e+01 0. 0. 7.49698210e+00 0. 0. 0. 1.49903002e+01
    7.12323236e+00 3.27983818e+01 2.26228580e+01 2.74669495e+01 0. 0. 0.
    0. 0. 0. 0. 6.13755894e+00 0. 0. 0. 0. 0. 0. 0. 0. 0. 0. 0. 0. 0. 0.
    0. 5.54395580e+00 0. 0. 0. 7.75714159e+00 8.37272930e+00
    7.04261971e+00 5.80777931e+00 7.58858776e+00 9.78711605e+00 0. 0. 0.
    0. 0. 0. 3.16954517e+00 0. 4.69019413e+00 0. 0. 6.85208035e+00
    7.26613665e+00 2.91671443e+00 0. 1.13004360e+01 0. 0. 0.</data></globfeat>
</opencv_storage>
