<?xml version="1.0"?>
<opencv_storage>
<globfeat type_id="opencv-matrix">
  <rows>1</rows>
  <cols>64</cols>
  <dt>f</dt>
  <data>
    5.71406174e+01 0. 0. 4.10354328e+00 0. 0. 0. 5.36211443e+00 0.
    3.81339407e+00 5.01544189e+00 4.45775223e+00 0. 0. 0. 0. 0. 0. 0. 0.
    0. 0. 0. 0. 0. 0. 0. 0. 0. 0. 0. 0. 0. 0. 0. 3.71165323e+00
    5.01544189e+00 0. 0. 2.92410445e+00 2.42934303e+01 5.51660919e+00
    5.34704161e+00 9.25840759e+00 6.20731621e+01 1.15607634e+01 0. 0. 0.
    0. 0. 3.85861206e+00 7.51751089e+00 3.02207708e+00 0. 0.
    1.00874071e+01 0. 0. 0. 2.09209118e+01 0. 0. 0.</data></globfeat>
</opencv_storage>
