<?xml version="1.0"?>
<opencv_storage>
<globfeat type_id="opencv-matrix">
  <rows>1</rows>
  <cols>64</cols>
  <dt>f</dt>
  <data>
    5.79729614e+01 0. 0. 3.66489315e+00 0. 0. 0. 6.53808022e+00
    1.13366375e+01 1.24665842e+01 1.39496393e+01 3.09397278e+01
    5.21113634e+00 0. 0. 0. 0. 0. 0. 3.27089858e+00 0. 0. 0. 0. 0. 0. 0.
    0. 0. 0. 0. 0. 0. 0. 0. 0. 3.12965536e+00 0. 0. 3.57568693e+00
    1.90752869e+01 4.79855680e+00 3.40470815e+00 9.00240517e+00
    2.94306545e+01 3.28204942e+00 0. 3.55338526e+00 0. 0. 0. 0.
    5.02900648e+00 0. 0. 0. 1.12288465e+01 0. 0. 0. 1.41392031e+01 0. 0.
    0.</data></globfeat>
</opencv_storage>
