<?xml version="1.0"?>
<opencv_storage>
<globfeat type_id="opencv-matrix">
  <rows>1</rows>
  <cols>64</cols>
  <dt>f</dt>
  <data>
    5.90036888e+01 0. 0. 1.45845966e+01 0. 0. 0. 0. 0. 0. 0. 0. 0. 0. 0.
    0. 0. 0. 0. 2.01894817e+01 0. 0. 0. 0. 0. 0. 0. 0. 0. 0. 0. 0.
    7.90184832e+00 1.68406754e+01 8.96484375e+00 1.23248014e+01
    9.81598377e+00 4.09216118e+00 5.14400673e+00 1.04143829e+01
    8.15458870e+00 9.52235889e+00 6.18098497e+00 1.01988106e+01
    1.71119995e+01 9.87545204e+00 6.87602043e+00 5.75727320e+00 0. 0. 0.
    9.18413353e+00 0. 0. 0. 0. 0. 0. 0. 0. 0. 0. 0. 2.86191130e+00</data></globfeat>
</opencv_storage>
