<?xml version="1.0"?>
<opencv_storage>
<globfeat type_id="opencv-matrix">
  <rows>1</rows>
  <cols>64</cols>
  <dt>f</dt>
  <data>
    7.92490082e+01 0. 0. 7.33044910e+00 0. 0. 0. 8.72387123e+00 0. 0. 0.
    8.18448257e+00 0. 0. 0. 0. 0. 0. 0. 3.86562276e+00 0. 0. 0. 0. 0. 0.
    0. 0. 0. 0. 0. 0. 0. 0. 0. 6.06812859e+00 3.25506401e+00
    6.28538275e+00 5.39763784e+00 1.53576097e+01 1.21474943e+01
    1.46122036e+01 6.80229712e+00 1.73128948e+01 3.90045815e+01
    8.54032898e+00 3.35619950e+00 3.76074147e+00 0. 0. 0. 2.89547133e+00
    0. 0. 0. 0. 0. 0. 0. 0. 0. 2.85052228e+00 0. 0.</data></globfeat>
</opencv_storage>
