<?xml version="1.0"?>
<opencv_storage>
<globfeat type_id="opencv-matrix">
  <rows>1</rows>
  <cols>64</cols>
  <dt>f</dt>
  <data>
    5.81116562e+01 0. 0. 9.00629044e+00 0. 0. 0. 4.55209208e+00
    1.01433716e+01 7.49645615e+00 4.22828770e+00 0. 1.03429260e+01 0. 0.
    0. 0. 0. 0. 5.93767548e+00 0. 0. 0. 0. 0. 0. 0. 0. 0. 0. 0. 0. 0. 0.
    0. 5.97909212e+00 0. 3.17027426e+00 0. 5.54986286e+00 1.34981394e+01
    5.96403170e+00 4.97379160e+00 1.59756222e+01 4.16653862e+01
    5.72682571e+00 5.70423460e+00 6.14475965e+00 0. 0. 0. 4.73658562e+00
    4.73658562e+00 0. 0. 0. 7.26301575e+00 3.82541418e+00 0. 0.
    7.12746954e+00 3.14015293e+00 0. 0.</data></globfeat>
</opencv_storage>
