<?xml version="1.0"?>
<opencv_storage>
<globfeat type_id="opencv-matrix">
  <rows>1</rows>
  <cols>64</cols>
  <dt>f</dt>
  <data>
    5.93981285e+01 0. 0. 8.49528217e+00 0. 0. 0. 9.48212814e+00
    3.01026011e+00 0. 4.74680138e+00 7.03031492e+00 0. 0. 0. 0. 0. 0. 0.
    0. 0. 0. 0. 0. 0. 0. 0. 0. 0. 0. 0. 0. 0. 0. 0. 4.27632856e+00
    3.27800870e+00 4.62822676e+00 3.51133251e+00 6.80464125e+00
    1.22284641e+01 1.13831434e+01 8.15103436e+00 2.01959000e+01
    5.45365791e+01 1.43475037e+01 6.60191727e+00 5.96314526e+00 0. 0. 0.
    3.96650529e+00 0. 0. 0. 0. 2.96436024e+00 0. 0. 0. 0. 0. 0. 0.</data></globfeat>
</opencv_storage>
