<?xml version="1.0"?>
<opencv_storage>
<globfeat type_id="opencv-matrix">
  <rows>1</rows>
  <cols>64</cols>
  <dt>f</dt>
  <data>
    5.97201767e+01 0. 0. 1.29223366e+01 0. 0. 0. 8.08462524e+00 0. 0.
    3.66959000e+00 8.44197845e+00 0. 0. 0. 0. 0. 0. 0. 5.45251131e+00 0.
    0. 0. 0. 0. 0. 0. 0. 0. 0. 0. 0. 1.73642693e+01 1.47475252e+01 0.
    7.48519516e+00 1.50702953e+01 7.61199760e+00 0. 3.96930528e+00
    1.39060173e+01 7.01640987e+00 5.34492111e+00 1.16543102e+01
    2.86266441e+01 9.55246162e+00 5.00678110e+00 3.34681988e+00 0. 0. 0.
    2.92798710e+00 0. 0. 0. 0. 0. 0. 0. 0. 0. 3.07784462e+00 0. 0.</data></globfeat>
</opencv_storage>
