<?xml version="1.0"?>
<opencv_storage>
<globfeat type_id="opencv-matrix">
  <rows>1</rows>
  <cols>64</cols>
  <dt>f</dt>
  <data>
    7.64485168e+01 0. 0. 4.30351591e+00 0. 0. 0. 4.63313150e+00 0. 0. 0.
    4.71460915e+00 0. 0. 0. 0. 0. 0. 0. 0. 0. 0. 0. 0. 0. 0. 0. 0. 0. 0.
    0. 0. 0. 1.44623327e+01 5.17755222e+00 8.11816502e+00 0.
    1.33846016e+01 8.61073589e+00 1.60844841e+01 1.07291622e+01
    1.09476709e+01 4.13685656e+00 1.35364475e+01 3.18097248e+01
    8.38481998e+00 2.99616575e+00 0. 0. 0. 0. 8.48111153e+00 0. 0. 0. 0.
    3.15541792e+00 0. 0. 0. 4.88497210e+00 0. 0. 0.</data></globfeat>
</opencv_storage>
