<?xml version="1.0"?>
<opencv_storage>
<globfeat type_id="opencv-matrix">
  <rows>1</rows>
  <cols>64</cols>
  <dt>f</dt>
  <data>
    4.39083176e+01 0. 0. 1.09342785e+01 3.58008194e+00 0. 0.
    1.36849680e+01 1.42860870e+01 1.22088022e+01 1.12310333e+01
    1.33615818e+01 0. 0. 0. 0. 0. 0. 0. 5.69921684e+00 0. 0. 0. 0. 0. 0.
    0. 0. 0. 0. 0. 0. 0. 0. 0. 6.79492712e+00 1.28784037e+01
    3.56105924e+00 3.52681828e+00 6.85580015e+00 1.40007458e+01
    3.56105924e+00 0. 7.44170094e+00 3.97271156e+01 2.92569923e+00 0. 0.
    0. 0. 0. 4.17359209e+00 3.36702728e+00 0. 0. 0. 1.05766506e+01
    3.20343161e+00 0. 0. 3.51160002e+00 0. 0. 0.</data></globfeat>
</opencv_storage>
