<?xml version="1.0"?>
<opencv_storage>
<globfeat type_id="opencv-matrix">
  <rows>1</rows>
  <cols>64</cols>
  <dt>f</dt>
  <data>
    7.89828720e+01 0. 0. 1.02395687e+01 0. 0. 0. 1.63523502e+01 0. 0. 0.
    5.04427147e+00 0. 0. 0. 0. 0. 0. 0. 4.49680185e+00 0. 0. 0. 0. 0. 0.
    0. 0. 0. 0. 0. 0. 0. 0. 0. 4.31557035e+00 0. 0. 0. 4.36842966e+00
    1.25880251e+01 1.29769173e+01 6.26758289e+00 8.45368576e+00
    3.50153999e+01 2.59915905e+01 0. 0. 0. 0. 0. 3.16777229e+00
    4.48547506e+00 0. 0. 0. 5.38785601e+00 0. 0. 0. 1.01867094e+01
    3.58309388e+00 3.09603477e+00 0.</data></globfeat>
</opencv_storage>
