<?xml version="1.0"?>
<opencv_storage>
<globfeat type_id="opencv-matrix">
  <rows>1</rows>
  <cols>64</cols>
  <dt>f</dt>
  <data>
    5.70890579e+01 0. 0. 3.30982971e+00 0. 3.11168027e+00 0.
    1.80389385e+01 9.97352219e+00 1.38778000e+01 1.42997856e+01
    3.26542969e+01 3.21809387e+00 0. 0. 0. 0. 0. 0. 0. 0. 0. 0. 0. 0. 0.
    0. 0. 0. 0. 0. 0. 0. 0. 0. 0. 3.21809387e+00 0. 0. 2.98325014e+00
    1.17128344e+01 3.35019350e+00 4.40699053e+00 1.52501688e+01
    3.47532120e+01 2.79243946e+00 0. 3.76483941e+00 0. 0. 0. 0.
    3.54834294e+00 0. 0. 0. 7.13337994e+00 0. 0. 0. 6.51324558e+00 0. 0.
    0.</data></globfeat>
</opencv_storage>
