<?xml version="1.0"?>
<opencv_storage>
<globfeat type_id="opencv-matrix">
  <rows>1</rows>
  <cols>64</cols>
  <dt>f</dt>
  <data>
    5.81845932e+01 0. 0. 2.49618607e+01 0. 2.95957279e+00 0.
    1.67391300e+01 0. 3.42105269e+00 4.27536249e+00 1.26010685e+01 0. 0.
    0. 0. 0. 0. 0. 1.46071701e+01 0. 0. 0. 0. 0. 0. 0. 0. 0. 0. 0. 0. 0.
    0. 0. 6.55225039e+00 0. 3.07017541e+00 3.56979418e+00 9.49275398e+00
    1.11823034e+01 8.65751362e+00 8.05110645e+00 1.91456909e+01
    2.63424873e+01 7.69641495e+00 5.01906967e+00 4.69107580e+00 0. 0. 0.
    3.77955770e+00 0. 0. 0. 0. 0. 0. 0. 0. 0. 0. 0. 0.</data></globfeat>
</opencv_storage>
