<?xml version="1.0"?>
<opencv_storage>
<globfeat type_id="opencv-matrix">
  <rows>1</rows>
  <cols>64</cols>
  <dt>f</dt>
  <data>
    5.73533554e+01 0. 0. 1.09062443e+01 0. 0. 0. 3.73660684e+00 0. 0. 0.
    0. 3.16693354e+00 0. 0. 0. 0. 0. 0. 8.59756851e+00 0. 0. 0. 0. 0. 0.
    0. 0. 0. 0. 0. 0. 0. 0. 0. 5.07458925e+00 3.22315145e+00
    5.79417658e+00 0. 5.47935724e+00 9.15599823e+00 5.25823402e+00
    7.19962072e+00 1.72101288e+01 4.56225815e+01 8.71375179e+00
    6.40132856e+00 4.81224012e+00 0. 0. 0. 7.44323111e+00 8.31273270e+00
    6.71989584e+00 3.44802237e+00 0. 7.75805044e+00 0. 0. 0.
    1.05314598e+01 3.08073306e+00 0. 0.</data></globfeat>
</opencv_storage>
