<?xml version="1.0"?>
<opencv_storage>
<globfeat type_id="opencv-matrix">
  <rows>1</rows>
  <cols>64</cols>
  <dt>f</dt>
  <data>
    8.03557816e+01 0. 0. 5.81321478e+00 0. 0. 0. 8.93519688e+00 0. 0. 0.
    8.13850021e+00 0. 0. 0. 0. 0. 0. 0. 4.58576870e+00 0. 0. 0. 0. 0. 0.
    0. 0. 0. 0. 0. 0. 0. 0. 0. 6.14104176e+00 0. 3.01143575e+00
    5.68742037e+00 1.46950445e+01 1.40927572e+01 1.48589582e+01
    7.06353235e+00 1.90254135e+01 4.03761101e+01 1.15540028e+01
    3.97585773e+00 3.73189330e+00 0. 0. 0. 2.95806861e+00 0. 0. 0. 0. 0.
    0. 0. 0. 0. 0. 0. 0.</data></globfeat>
</opencv_storage>
