<?xml version="1.0"?>
<opencv_storage>
<globfeat type_id="opencv-matrix">
  <rows>1</rows>
  <cols>64</cols>
  <dt>f</dt>
  <data>
    7.99255447e+01 0. 0. 6.77315664e+00 0. 0. 0. 9.01941490e+00 0. 0. 0.
    8.34324551e+00 0. 0. 0. 0. 0. 0. 0. 4.17926311e+00 0. 0. 0. 0. 0. 0.
    0. 0. 0. 0. 0. 0. 0. 0. 0. 6.04350471e+00 0. 3.31972551e+00
    5.60800552e+00 1.58842564e+01 1.36914797e+01 1.39054089e+01
    7.45314646e+00 2.04149742e+01 3.81520119e+01 1.13115158e+01
    3.96915388e+00 3.66354060e+00 0. 0. 0. 3.34264636e+00 0. 0. 0. 0. 0.
    0. 0. 0. 0. 0. 0. 0.</data></globfeat>
</opencv_storage>
