<?xml version="1.0"?>
<opencv_storage>
<globfeat type_id="opencv-matrix">
  <rows>1</rows>
  <cols>64</cols>
  <dt>f</dt>
  <data>
    5.75382881e+01 0. 0. 1.23721924e+01 0. 0. 0. 1.17953300e+01
    7.23735332e+00 1.05163641e+01 1.00040188e+01 2.60954590e+01
    3.44979239e+00 0. 0. 0. 0. 0. 0. 8.82752132e+00 0. 0. 0. 0. 0. 0. 0.
    0. 0. 0. 0. 0. 0. 0. 0. 5.21453762e+00 0. 0. 0. 5.40809059e+00
    1.02544985e+01 1.41445284e+01 9.92052460e+00 1.33475466e+01
    1.75867310e+01 6.36446857e+00 4.18605185e+00 0. 0. 0. 0.
    4.86917877e+00 0. 0. 0. 0. 7.37777376e+00 0. 0. 0. 5.01718998e+00 0.
    0. 3.47256327e+00</data></globfeat>
</opencv_storage>
