<?xml version="1.0"?>
<opencv_storage>
<globfeat type_id="opencv-matrix">
  <rows>1</rows>
  <cols>64</cols>
  <dt>f</dt>
  <data>
    5.78190002e+01 0. 0. 5.27575827e+00 0. 0. 0. 2.23928299e+01 0.
    3.45951366e+00 3.91451478e+00 1.41802454e+01 0. 0. 0. 0. 0. 0. 0.
    3.73777890e+00 0. 0. 0. 0. 0. 0. 0. 0. 0. 0. 0. 0. 6.79869604e+00
    9.31436443e+00 0. 3.36550498e+00 5.05765867e+00 3.96715951e+00 0.
    3.78290296e+00 1.21459007e+01 1.05853596e+01 5.68187523e+00
    1.41539230e+01 4.23828011e+01 9.75808430e+00 3.09100008e+00
    3.22261214e+00 0. 0. 0. 0. 0. 0. 0. 0. 5.76084232e+00 0. 0. 0.
    5.15166712e+00 0. 0. 0.</data></globfeat>
</opencv_storage>
