<?xml version="1.0"?>
<opencv_storage>
<globfeat type_id="opencv-matrix">
  <rows>1</rows>
  <cols>64</cols>
  <dt>f</dt>
  <data>
    7.99937210e+01 0. 0. 6.60005379e+00 0. 0. 0. 8.76575565e+00 0. 0. 0.
    8.42259884e+00 0. 0. 0. 0. 0. 0. 0. 5.18929720e+00 0. 0. 0. 0. 0. 0.
    0. 0. 0. 0. 0. 0. 0. 0. 0. 5.64683962e+00 0. 8.38446999e+00
    5.62777567e+00 1.50607815e+01 1.25862379e+01 1.41113806e+01
    7.83160639e+00 1.53162432e+01 3.91389656e+01 1.15453281e+01
    4.06831741e+00 3.70228314e+00 0. 0. 0. 3.00834346e+00 0. 0. 0. 0. 0.
    0. 0. 0. 0. 0. 0. 0.</data></globfeat>
</opencv_storage>
