<?xml version="1.0"?>
<opencv_storage>
<globfeat type_id="opencv-matrix">
  <rows>1</rows>
  <cols>64</cols>
  <dt>f</dt>
  <data>
    7.91825562e+01 0. 0. 1.27505693e+01 0. 0. 0. 5.45314550e+00 0. 0. 0.
    7.58582973e+00 0. 0. 0. 0. 0. 0. 0. 2.00366096e+01 0. 0. 0. 0. 0. 0.
    0. 0. 0. 0. 0. 0. 0. 0. 0. 7.34675694e+00 0. 0. 0. 5.68842363e+00
    1.22762184e+01 8.57248116e+00 7.11906815e+00 1.39838839e+01
    2.11978226e+01 1.00904064e+01 4.30711222e+00 3.30907631e+00 0. 0. 0.
    5.07366419e+00 6.91794300e+00 0. 0. 0. 8.37894535e+00 2.90303135e+00
    0. 0. 9.17585659e+00 0. 0. 3.65060949e+00</data></globfeat>
</opencv_storage>
