<?xml version="1.0"?>
<opencv_storage>
<globfeat type_id="opencv-matrix">
  <rows>1</rows>
  <cols>64</cols>
  <dt>f</dt>
  <data>
    5.75670204e+01 0. 0. 8.23517227e+00 0. 0. 0. 9.19292545e+00 0.
    4.06102562e+00 3.31443048e+00 6.22916842e+00 0. 0. 0. 0. 0. 0. 0.
    3.11458421e+00 0. 0. 0. 0. 0. 0. 0. 0. 0. 0. 0. 0. 0. 0. 0.
    4.36645126e+00 2.94490361e+00 4.05348444e+00 3.52935958e+00
    6.44786835e+00 1.05993900e+01 1.00978899e+01 8.06926250e+00
    1.77146702e+01 5.61643257e+01 1.72244816e+01 7.31512547e+00
    6.33097696e+00 0. 0. 0. 4.03840160e+00 0. 0. 0. 0. 4.38907528e+00 0.
    0. 0. 0. 0. 0. 0.</data></globfeat>
</opencv_storage>
