<?xml version="1.0"?>
<opencv_storage>
<globfeat type_id="opencv-matrix">
  <rows>1</rows>
  <cols>64</cols>
  <dt>f</dt>
  <data>
    7.94650955e+01 0. 0. 8.38037109e+00 5.27103233e+00 3.02941656e+00 0.
    2.35388699e+01 8.34231281e+00 1.43859224e+01 9.95977783e+00
    2.24313831e+01 0. 0. 0. 0. 0. 0. 0. 2.94188309e+00 0. 0. 0. 0. 0. 0.
    0. 0. 0. 0. 0. 0. 0. 0. 0. 0. 0. 0. 8.04546070e+00 3.57745171e+00
    6.53075218e+00 4.85620022e+00 3.90094471e+00 8.06448936e+00
    2.45397968e+01 3.79818797e+00 0. 0. 0. 0. 0. 0. 6.03219223e+00 0. 0.
    0. 4.78389025e+00 0. 0. 0. 0. 3.12456155e+00 0. 0.</data></globfeat>
</opencv_storage>
