<?xml version="1.0"?>
<opencv_storage>
<globfeat type_id="opencv-matrix">
  <rows>1</rows>
  <cols>64</cols>
  <dt>f</dt>
  <data>
    8.01258621e+01 0. 0. 6.97614145e+00 0. 0. 0. 4.60809374e+00 0. 0.
    3.34312677e+00 8.40299416e+00 0. 0. 0. 0. 0. 0. 0. 4.52526855e+00 0.
    0. 0. 0. 0. 0. 0. 0. 0. 0. 0. 0. 0. 0. 0. 3.60289669e+00
    5.39493322e+00 0. 0. 4.09231853e+00 2.31232929e+01 8.21475506e+00
    8.32769871e+00 1.11814032e+01 4.38597145e+01 1.09028101e+01
    4.92057037e+00 4.87915802e+00 0. 0. 0. 0. 0. 0. 0. 0. 6.68248844e+00
    2.86123466e+00 0. 0. 5.71870422e+00 3.25653672e+00 0. 0.</data></globfeat>
</opencv_storage>
