<?xml version="1.0"?>
<opencv_storage>
<globfeat type_id="opencv-matrix">
  <rows>1</rows>
  <cols>64</cols>
  <dt>f</dt>
  <data>
    4.26878281e+01 0. 0. 1.00096359e+01 0. 0. 0. 0. 0. 0. 0. 0. 0. 0. 0.
    0. 0. 0. 0. 8.52426338e+00 0. 0. 0. 2.85989594e+00 0. 0. 0. 0. 0. 0.
    0. 0. 0. 3.21461177e+00 0. 7.70398331e+00 5.31334686e+00
    9.50342655e+00 4.59652519e+00 1.03569613e+01 9.17827034e+00
    1.56222734e+01 6.29620504e+00 8.43927956e+00 7.74721451e+01
    1.59400396e+01 4.89581680e+00 3.65061641e+00 0. 0. 0. 5.88976002e+00
    0. 0. 0. 0. 2.84511614e+00 0. 0. 0. 0. 0. 0. 0.</data></globfeat>
</opencv_storage>
