<?xml version="1.0"?>
<opencv_storage>
<globfeat type_id="opencv-matrix">
  <rows>1</rows>
  <cols>64</cols>
  <dt>f</dt>
  <data>
    5.69242592e+01 0. 0. 1.48462238e+01 0. 0. 0. 7.64782810e+00 0.
    4.67783403e+00 5.85384655e+00 9.81259060e+00 0. 0. 0. 0. 0. 0. 0.
    1.17114391e+01 0. 0. 0. 0. 0. 0. 0. 0. 0. 0. 0. 0. 0. 0. 0.
    8.72646427e+00 0. 0. 0. 7.23959446e+00 7.72273302e+00 9.78637314e+00
    7.95119429e+00 1.83817539e+01 4.14525757e+01 9.15716934e+00
    4.89131403e+00 5.61415005e+00 0. 0. 0. 5.25834990e+00 0. 0. 0. 0.
    4.10480881e+00 3.40069914e+00 0. 2.89508867e+00 3.16849279e+00 0. 0.
    3.77522564e+00</data></globfeat>
</opencv_storage>
