<?xml version="1.0"?>
<opencv_storage>
<globfeat type_id="opencv-matrix">
  <rows>1</rows>
  <cols>64</cols>
  <dt>f</dt>
  <data>
    5.84891396e+01 0. 0. 1.66104069e+01 0. 0. 0. 6.98107338e+00 0. 0. 0.
    5.40445328e+00 0. 0. 0. 0. 0. 0. 0. 1.41703072e+01 0. 0. 0.
    3.77001095e+00 0. 0. 0. 0. 0. 0. 0. 0. 0. 0. 0. 8.49987125e+00 0.
    3.01446700e+00 0. 1.25011711e+01 1.01150398e+01 8.04500294e+00
    7.29331398e+00 2.23617935e+01 5.07756500e+01 1.17764664e+01
    5.04210043e+00 3.69676948e+00 0. 0. 0. 6.45296383e+00 0. 0. 0. 0. 0.
    0. 0. 0. 0. 0. 0. 0.</data></globfeat>
</opencv_storage>
