<?xml version="1.0"?>
<opencv_storage>
<globfeat type_id="opencv-matrix">
  <rows>1</rows>
  <cols>64</cols>
  <dt>f</dt>
  <data>
    8.16761017e+01 0. 0. 1.87295170e+01 4.69210577e+00 3.22922707e+00 0.
    1.44225836e+01 6.07328129e+00 1.54536018e+01 1.18080769e+01
    1.53446646e+01 0. 0. 0. 0. 0. 0. 0. 3.43154001e+00 0. 0. 0. 0. 0. 0.
    0. 0. 0. 0. 0. 0. 0. 0. 0. 0. 0. 0. 4.37696457e+00 7.39609718e+00
    7.49725342e+00 4.78937149e+00 5.72701454e+00 1.03257456e+01
    2.45032196e+01 4.22133875e+00 0. 0. 0. 0. 0. 0. 6.33395386e+00 0. 0.
    0. 4.96834087e+00 0. 0. 0. 0. 0. 0. 0.</data></globfeat>
</opencv_storage>
