<?xml version="1.0"?>
<opencv_storage>
<globfeat type_id="opencv-matrix">
  <rows>1</rows>
  <cols>64</cols>
  <dt>f</dt>
  <data>
    8.04322815e+01 0. 0. 1.70527382e+01 0. 0. 0. 7.28185511e+00
    4.41850805e+00 8.66336250e+00 0. 3.32256365e+00 0. 0. 0. 0. 0. 0. 0.
    1.58680391e+01 0. 0. 0. 0. 0. 0. 0. 0. 0. 0. 0. 0. 0. 0. 0.
    8.96436119e+00 0. 0. 0. 1.02300997e+01 5.91578388e+00 1.01452026e+01
    8.06522369e+00 1.90130901e+01 3.02812500e+01 8.59390163e+00
    4.75037813e+00 3.51165247e+00 0. 0. 0. 5.04365921e+00 0. 0. 0. 0. 0.
    0. 0. 3.44605017e+00 0. 0. 0. 0.</data></globfeat>
</opencv_storage>
