<?xml version="1.0"?>
<opencv_storage>
<globfeat type_id="opencv-matrix">
  <rows>1</rows>
  <cols>64</cols>
  <dt>f</dt>
  <data>
    6.06876335e+01 0. 0. 8.00529289e+00 0. 0. 0. 6.24167442e+00
    4.32853222e+00 4.44355059e+00 6.64807320e+00 1.26252050e+01 0. 0. 0.
    0. 0. 0. 0. 4.09466124e+00 0. 0. 0. 0. 0. 0. 0. 0. 0. 0. 0. 0.
    1.11069603e+01 1.15516987e+01 0. 4.01414824e+00 0. 0. 0.
    4.95730019e+00 9.35100937e+00 5.35219765e+00 7.97078705e+00
    1.67965450e+01 4.73914833e+01 1.07734060e+01 3.84162021e+00 0. 0. 0.
    0. 3.21668601e+00 0. 0. 0. 0. 5.87361479e+00 0. 0. 0. 5.72792482e+00
    0. 0. 0.</data></globfeat>
</opencv_storage>
