<?xml version="1.0"?>
<opencv_storage>
<globfeat type_id="opencv-matrix">
  <rows>1</rows>
  <cols>64</cols>
  <dt>f</dt>
  <data>
    6.36856422e+01 0. 0. 8.25261784e+00 0. 0. 0. 6.94705629e+00
    8.26365089e+00 1.63176765e+01 1.17426949e+01 1.13234444e+01
    5.75182438e+00 0. 0. 0. 0. 0. 0. 8.70128918e+00 0. 0. 0. 0. 0. 0. 0.
    0. 0. 0. 0. 0. 0. 0. 0. 4.86551380e+00 0. 0. 0. 5.32521868e+00
    9.43681717e+00 1.19927750e+01 7.57225466e+00 1.16139784e+01
    3.21793251e+01 6.64549017e+00 0. 0. 0. 0. 0. 3.23632073e+00
    3.54891968e+00 0. 0. 0. 7.06106329e+00 0. 0. 0. 7.05003023e+00
    3.48639989e+00 0. 0.</data></globfeat>
</opencv_storage>
