<?xml version="1.0"?>
<opencv_storage>
<globfeat type_id="opencv-matrix">
  <rows>1</rows>
  <cols>64</cols>
  <dt>f</dt>
  <data>
    5.86158295e+01 0. 0. 5.80506659e+00 0. 0. 0. 7.09258652e+00 0. 0.
    5.74892473e+00 1.48551321e+01 0. 0. 0. 0. 0. 0. 0. 3.59307814e+00 0.
    0. 0. 0. 0. 0. 0. 0. 0. 0. 0. 0. 0. 0. 0. 4.74959993e+00
    4.13203955e+00 0. 0. 3.48079443e+00 1.86690350e+01 6.48999739e+00
    6.25045872e+00 7.76628828e+00 5.84024887e+01 8.47367573e+00
    6.96158886e+00 4.87685490e+00 0. 0. 0. 2.99423170e+00 3.81764531e+00
    0. 0. 0. 8.22290897e+00 0. 0. 0. 1.40017757e+01 0. 0. 0.</data></globfeat>
</opencv_storage>
