<?xml version="1.0"?>
<opencv_storage>
<globfeat type_id="opencv-matrix">
  <rows>1</rows>
  <cols>64</cols>
  <dt>f</dt>
  <data>
    7.74511642e+01 0. 0. 9.77206707e+00 0. 0. 0. 1.50914640e+01
    3.70125890e+00 4.49358845e+00 4.25551748e+00 9.69023037e+00 0. 0. 0.
    0. 0. 0. 0. 8.73050690e+00 0. 0. 0. 0. 0. 0. 0. 0. 0. 0. 0. 0. 0. 0.
    0. 6.25308132e+00 0. 0. 0. 6.31631899e+00 5.28591824e+00
    9.58607483e+00 6.26424122e+00 1.34919252e+01 3.57329559e+01
    7.96421623e+00 4.48614883e+00 3.52270555e+00 0. 0. 0. 3.69753909e+00
    3.23999643e+00 0. 0. 0. 6.61390781e+00 0. 0. 0. 5.62814522e+00
    3.73101759e+00 0. 0.</data></globfeat>
</opencv_storage>
