<?xml version="1.0"?>
<opencv_storage>
<globfeat type_id="opencv-matrix">
  <rows>1</rows>
  <cols>64</cols>
  <dt>f</dt>
  <data>
    8.14666977e+01 0. 0. 6.19979668e+00 0. 0. 0. 1.62201328e+01
    1.07752924e+01 1.08629894e+01 1.53469753e+01 2.31825123e+01
    7.50762606e+00 0. 0. 0. 0. 0. 0. 4.16751385e+00 0. 0. 0. 0. 0. 0. 0.
    0. 0. 0. 0. 0. 0. 0. 0. 0. 0. 0. 0. 5.50584650e+00 8.29689884e+00
    3.78240967e+00 3.53838325e+00 5.13599396e+00 2.02885113e+01 0. 0. 0.
    0. 0. 0. 0. 5.03304529e+00 0. 0. 0. 1.01499748e+01 3.42780876e+00 0.
    0. 1.09735641e+01 3.13802743e+00 0. 0.</data></globfeat>
</opencv_storage>
