<?xml version="1.0"?>
<opencv_storage>
<globfeat type_id="opencv-matrix">
  <rows>1</rows>
  <cols>64</cols>
  <dt>f</dt>
  <data>
    5.61041880e+00 2.73642273e+01 7.77612686e+00 0. 4.41739893e+00
    7.54504633e+00 5.46532202e+00 5.26111126e+00 5.67490673e+00 0. 0. 0.
    0. 0. 0. 0. 0. 0. 0. 0. 0. 5.04077864e+00 5.23961544e+00
    7.94271946e+00 0. 0. 0. 0. 0. 0. 0. 0. 0. 3.19106007e+01
    4.25403023e+01 4.75918312e+01 5.45994806e+00 1.85992908e+01
    1.18334703e+01 0. 0. 0. 0. 0. 0. 0. 0. 0. 0. 0. 4.78282833e+00
    4.94404745e+00 0. 0. 0. 0. 0. 0. 0. 0. 0. 0. 0. 0.</data></globfeat>
</opencv_storage>
