<?xml version="1.0"?>
<opencv_storage>
<globfeat type_id="opencv-matrix">
  <rows>1</rows>
  <cols>64</cols>
  <dt>f</dt>
  <data>
    5.12604380e+00 3.89833145e+01 4.17422180e+01 6.59378099e+00 0.
    5.38538074e+00 5.30813169e+00 3.86246586e+00 3.24447131e+00 0. 0. 0.
    0. 0. 0. 0. 3.07341909e+00 3.95075083e+00 0. 0. 0. 3.45966578e+00
    7.11797285e+00 0. 0. 3.25550675e+00 0. 0. 0. 0. 0. 0. 0.
    8.72365475e+00 1.78501091e+01 3.06900501e+01 3.43207669e+00
    3.44476776e+01 1.16646471e+01 0. 0. 0. 0. 0. 0. 0. 0. 0. 0.
    1.70886517e+01 0. 0. 0. 0. 0. 0. 0. 0. 0. 0. 0. 0. 0. 0.</data></globfeat>
</opencv_storage>
