<?xml version="1.0"?>
<opencv_storage>
<globfeat type_id="opencv-matrix">
  <rows>1</rows>
  <cols>64</cols>
  <dt>f</dt>
  <data>
    5.29537964e+00 1.16248007e+01 1.65501022e+01 1.33826704e+01
    7.59203959e+00 1.12982607e+01 1.16465693e+01 7.66823196e+00 0. 0. 0.
    0. 0. 0. 0. 0. 0. 0. 8.77302361e+00 7.29815388e+00 0. 6.98794174e+00
    4.88720560e+00 4.16881895e+00 0. 0. 0. 0. 0. 0. 0. 0. 4.64230108e+00
    4.72665672e+01 5.34653740e+01 2.94320793e+01 0. 3.02048874e+00 0. 0.
    0. 0. 0. 0. 0. 0. 0. 0. 0. 0. 0. 0. 0. 0. 0. 0. 0. 0. 0. 0. 0. 0. 0.
    0.</data></globfeat>
</opencv_storage>
