<?xml version="1.0"?>
<opencv_storage>
<globfeat type_id="opencv-matrix">
  <rows>1</rows>
  <cols>64</cols>
  <dt>f</dt>
  <data>
    1.21617756e+01 2.09189167e+01 1.13064785e+01 3.97299385e+00
    3.62535691e+00 5.51804733e+00 2.90801096e+00 0. 0. 0. 0. 0. 0.
    3.15632296e+00 0. 0. 3.07907033e+00 1.21176319e+01 6.69339132e+00 0.
    0. 0. 2.95767331e+00 0. 0. 0. 0. 0. 0. 0. 0. 0. 6.10847807e+00
    4.25331078e+01 4.70192795e+01 1.66920929e+01 0. 9.09925938e+00
    2.91739159e+01 1.59581919e+01 0. 0. 0. 0. 0. 0. 0. 0. 0. 0. 0. 0. 0.
    0. 0. 0. 0. 0. 0. 0. 0. 0. 0. 0.</data></globfeat>
</opencv_storage>
