<?xml version="1.0"?>
<opencv_storage>
<globfeat type_id="opencv-matrix">
  <rows>1</rows>
  <cols>64</cols>
  <dt>f</dt>
  <data>
    4.44303370e+00 6.25373764e+01 1.59525003e+01 0. 3.52205324e+00
    4.99562216e+00 6.32964849e+00 6.37988377e+00 2.81875896e+00 0. 0. 0.
    0. 0. 0. 0. 0. 0. 2.94713807e+00 0. 0. 5.09051085e+00 6.19010592e+00
    7.71949196e+00 0. 0. 0. 0. 0. 0. 0. 0. 0. 1.68567352e+01
    2.13276787e+01 2.76963997e+01 7.88136148e+00 2.91978760e+01
    1.82186718e+01 4.89515162e+00 0. 0. 0. 0. 0. 0. 0. 0. 0. 0. 0. 0. 0.
    0. 0. 0. 0. 0. 0. 0. 0. 0. 0. 0.</data></globfeat>
</opencv_storage>
