<?xml version="1.0"?>
<opencv_storage>
<globfeat type_id="opencv-matrix">
  <rows>1</rows>
  <cols>64</cols>
  <dt>f</dt>
  <data>
    5.47523165e+00 2.48380775e+01 1.82880192e+01 3.36814547e+00
    1.13601742e+01 8.01331234e+00 9.76389694e+00 1.39408226e+01
    1.01576452e+01 0. 0. 0. 1.06790962e+01 5.49651527e+00 0. 0. 0.
    6.34254217e+00 0. 0. 0. 7.02894163e+00 0. 0. 0. 4.74094391e+00 0. 0.
    3.44795918e+00 0. 0. 0. 1.59202070e+01 7.25667725e+01 7.56103420e+00
    0. 4.40572596e+00 1.16049366e+01 0. 0. 0. 0. 0. 0. 0. 0. 0. 0. 0. 0.
    0. 0. 0. 0. 0. 0. 0. 0. 0. 0. 0. 0. 0. 0.</data></globfeat>
</opencv_storage>
