<?xml version="1.0"?>
<opencv_storage>
<globfeat type_id="opencv-matrix">
  <rows>1</rows>
  <cols>64</cols>
  <dt>f</dt>
  <data>
    2.81791615e+00 4.90403137e+01 1.34199247e+01 1.15823860e+01
    5.22332382e+00 3.05363560e+00 0. 0. 5.30368280e+00 4.10365772e+00 0.
    0. 4.80010080e+00 0. 0. 0. 0. 3.09113622e+00 0. 0. 0. 6.73406982e+00
    0. 0. 0. 0. 0. 0. 0. 0. 0. 0. 7.66087484e+00 2.98131256e+01
    2.56933956e+01 7.36622572e+00 1.27663393e+01 3.13453007e+01
    5.74297762e+00 0. 3.52507401e+00 0. 0. 0. 0. 0. 0. 0. 0.
    3.63221908e+00 1.47163801e+01 3.56793189e+00 0. 0. 0. 0. 0. 0. 0. 0.
    0. 0. 0. 0.</data></globfeat>
</opencv_storage>
