<?xml version="1.0"?>
<opencv_storage>
<globfeat type_id="opencv-matrix">
  <rows>1</rows>
  <cols>64</cols>
  <dt>f</dt>
  <data>
    1.10252476e+01 4.41711464e+01 2.23203259e+01 5.73658276e+00
    7.47968340e+00 3.89094639e+00 0. 0. 8.10029221e+00 0. 0. 0.
    6.63781452e+00 4.80297136e+00 0. 0. 0. 4.94328308e+00 9.66530514e+00
    0. 0. 0. 0. 0. 0. 0. 0. 0. 4.99724913e+00 0. 0. 0. 3.46461535e+00
    4.75817947e+01 5.49805298e+01 4.55472803e+00 3.69127250e+00
    6.95621347e+00 0. 0. 0. 0. 0. 0. 0. 0. 0. 0. 0. 0. 0. 0. 0. 0. 0. 0.
    0. 0. 0. 0. 0. 0. 0. 0.</data></globfeat>
</opencv_storage>
