<?xml version="1.0"?>
<opencv_storage>
<globfeat type_id="opencv-matrix">
  <rows>1</rows>
  <cols>64</cols>
  <dt>f</dt>
  <data>
    1.22203617e+01 1.07795334e+01 3.23919640e+01 1.42642040e+01
    8.34613323e+00 7.04405117e+00 1.14145651e+01 0. 6.26493645e+00
    3.61808085e+00 0. 0. 8.78371811e+00 0. 0. 0. 0. 3.55404401e+00
    1.85600071e+01 9.55749702e+00 0. 0. 0. 0. 0. 0. 0. 0. 0. 0. 0. 0.
    4.33315897e+00 4.55248489e+01 3.88490105e+01 6.32363701e+00 0.
    9.68557072e+00 3.48467088e+00 0. 0. 0. 0. 0. 0. 0. 0. 0. 0. 0. 0. 0.
    0. 0. 0. 0. 0. 0. 0. 0. 0. 0. 0. 0.</data></globfeat>
</opencv_storage>
