<?xml version="1.0"?>
<opencv_storage>
<globfeat type_id="opencv-matrix">
  <rows>1</rows>
  <cols>64</cols>
  <dt>f</dt>
  <data>
    0. 8.32353878e+00 1.10082026e+01 6.83026123e+00 1.51861448e+01
    1.94826870e+01 6.73861599e+00 0. 3.05124521e+00 4.76554918e+00
    5.29385662e+00 0. 0. 0. 0. 0. 0. 5.52566528e+00 1.47818279e+01
    5.10517550e+00 0. 3.38548064e+00 5.91380930e+00 0. 0. 0. 0. 0. 0. 0.
    0. 0. 1.98546581e+01 5.47391243e+01 4.40274200e+01 1.71484299e+01 0.
    0. 3.83831573e+00 0. 0. 0. 0. 0. 0. 0. 0. 0. 0. 0. 0. 0. 0. 0. 0. 0.
    0. 0. 0. 0. 0. 0. 0. 0.</data></globfeat>
</opencv_storage>
