<?xml version="1.0"?>
<opencv_storage>
<globfeat type_id="opencv-matrix">
  <rows>1</rows>
  <cols>64</cols>
  <dt>f</dt>
  <data>
    0. 5.62415237e+01 2.96331615e+01 4.67718649e+00 3.10165548e+00
    3.99097967e+00 7.12008333e+00 9.00303555e+00 2.81070375e+00 0. 0. 0.
    0. 0. 0. 0. 0. 0. 3.09616590e+00 0. 0. 4.51798677e+00 8.37721443e+00
    6.30212498e+00 0. 0. 0. 0. 0. 0. 0. 0. 0. 2.43191757e+01
    2.70365543e+01 3.41072311e+01 3.89765549e+00 1.72539883e+01
    9.51357365e+00 0. 0. 0. 0. 0. 0. 0. 0. 0. 0. 0. 0. 0. 0. 0. 0. 0. 0.
    0. 0. 0. 0. 0. 0. 0.</data></globfeat>
</opencv_storage>
