<?xml version="1.0"?>
<opencv_storage>
<globfeat type_id="opencv-matrix">
  <rows>1</rows>
  <cols>64</cols>
  <dt>f</dt>
  <data>
    3.42668748e+00 1.43846149e+01 1.98502350e+01 1.43579273e+01
    5.95133448e+00 4.28602839e+00 0. 0. 8.08634186e+00 0. 0. 0. 0. 0. 0.
    0. 0. 0. 5.94599676e+00 0. 0. 1.10540028e+01 2.82888532e+00 0. 0.
    5.02260590e+00 0. 0. 0. 0. 0. 0. 3.91240191e+00 2.35598106e+01
    3.76989021e+01 2.99061222e+01 1.56602821e+01 2.00904236e+01
    3.57613802e+00 0. 4.59560442e+00 0. 0. 0. 0. 0. 0. 0. 0. 0.
    1.24737835e+01 8.33186817e+00 0. 0. 0. 0. 0. 0. 0. 0. 0. 0. 0. 0.</data></globfeat>
</opencv_storage>
