<?xml version="1.0"?>
<opencv_storage>
<globfeat type_id="opencv-matrix">
  <rows>1</rows>
  <cols>64</cols>
  <dt>f</dt>
  <data>
    4.94750881e+00 1.83063107e+01 2.94421654e+01 4.55149698e+00
    8.08920383e+00 0. 6.94868898e+00 1.39079390e+01 4.88942719e+00 0. 0.
    0. 1.46682816e+01 0. 0. 0. 0. 5.22207737e+00 4.14492464e+00 0. 0.
    3.65387011e+00 5.09535360e+00 0. 0. 0. 0. 0. 0. 0. 0. 0.
    5.52832651e+00 9.82954407e+01 7.01205111e+00 0. 2.82488513e+00
    1.74720459e+01 0. 0. 0. 0. 0. 0. 0. 0. 0. 0. 0. 0. 0. 0. 0. 0. 0. 0.
    0. 0. 0. 0. 0. 0. 0. 0.</data></globfeat>
</opencv_storage>
