<?xml version="1.0"?>
<opencv_storage>
<globfeat type_id="opencv-matrix">
  <rows>1</rows>
  <cols>64</cols>
  <dt>f</dt>
  <data>
    2.73993707e+00 4.74550743e+01 1.26642447e+01 1.15757036e+01
    5.79847145e+00 2.84082627e+00 0. 0. 4.95949841e+00 4.07804585e+00 0.
    0. 4.65683126e+00 0. 0. 0. 0. 3.13818383e+00 0. 0. 0. 7.71005583e+00
    0. 0. 0. 2.72400737e+00 0. 0. 0. 0. 0. 0. 7.99148321e+00
    2.82595844e+01 2.47974930e+01 8.10299206e+00 1.34341879e+01
    2.95499039e+01 6.05334949e+00 0. 3.07977438e+00 0. 0. 0. 0. 0. 0. 0.
    0. 3.78599834e+00 1.53404617e+01 4.26389456e+00 0. 0. 0. 0. 0. 0. 0.
    0. 0. 0. 0. 0.</data></globfeat>
</opencv_storage>
