<?xml version="1.0"?>
<opencv_storage>
<globfeat type_id="opencv-matrix">
  <rows>1</rows>
  <cols>64</cols>
  <dt>f</dt>
  <data>
    1.80806313e+01 3.10385075e+01 1.76923809e+01 8.89741802e+00
    1.19710712e+01 6.60565853e+00 3.01972961e+00 0. 6.53016567e+00 0. 0.
    0. 4.04967308e+00 6.02867460e+00 0. 0. 3.96339512e+00 3.92564869e+00
    0. 0. 4.88549137e+00 4.77764368e+00 4.00653410e+00 0. 5.91004229e+00
    6.37917900e+00 0. 0. 3.00894499e+00 0. 0. 0. 4.64283419e+00
    5.04941940e+01 2.32303486e+01 1.09033813e+01 2.93345165e+00
    8.65476131e+00 0. 0. 0. 0. 0. 0. 0. 0. 0. 0. 0. 3.37023401e+00 0. 0.
    0. 0. 0. 0. 0. 0. 0. 0. 0. 0. 0. 0.</data></globfeat>
</opencv_storage>
