<?xml version="1.0"?>
<opencv_storage>
<globfeat type_id="opencv-matrix">
  <rows>1</rows>
  <cols>64</cols>
  <dt>f</dt>
  <data>
    3.33120298e+00 5.24042969e+01 1.02422056e+01 1.53467360e+01
    6.55191803e+00 1.26839828e+01 7.13750267e+00 6.45247936e+00 0.
    3.09917879e+00 0. 0. 0. 0. 0. 0. 0. 3.63504386e+00 0. 0. 0.
    6.07129669e+00 6.36408901e+00 0. 0. 0. 0. 0. 0. 0. 0. 0. 0.
    3.21684799e+01 3.60742188e+01 2.39316273e+01 4.55209160e+00
    1.78050861e+01 3.35330033e+00 0. 0. 0. 0. 0. 0. 0. 0. 0. 0. 0. 0.
    3.79525113e+00 0. 0. 0. 0. 0. 0. 0. 0. 0. 0. 0. 0.</data></globfeat>
</opencv_storage>
