<?xml version="1.0"?>
<opencv_storage>
<globfeat type_id="opencv-matrix">
  <rows>1</rows>
  <cols>64</cols>
  <dt>f</dt>
  <data>
    1.15089216e+01 2.72628479e+01 1.57157812e+01 8.71343136e+00
    1.26369267e+01 1.45823269e+01 4.27770042e+00 0. 6.46287012e+00 0. 0.
    0. 4.08697510e+00 5.72721434e+00 0. 0. 0. 3.41126180e+00
    4.66460085e+00 0. 0. 0. 0. 0. 0. 0. 0. 0. 3.30227590e+00 0. 0. 0.
    2.99166584e+00 4.82154083e+01 4.71745911e+01 7.26391697e+00 0.
    1.57375793e+01 8.02681923e+00 0. 0. 3.23688436e+00 0. 0. 0. 0. 0. 0.
    0. 0. 0. 0. 0. 0. 0. 0. 0. 0. 0. 0. 0. 0. 0. 0.</data></globfeat>
</opencv_storage>
