<?xml version="1.0"?>
<opencv_storage>
<globfeat type_id="opencv-matrix">
  <rows>1</rows>
  <cols>64</cols>
  <dt>f</dt>
  <data>
    9.31428051e+00 2.81314983e+01 2.22184410e+01 1.17290945e+01
    8.71057701e+00 3.46590424e+00 0. 0. 4.70565224e+00 0. 0. 0. 0.
    5.67049932e+00 0. 0. 0. 9.26576900e+00 4.37145901e+00 0.
    3.28802729e+00 4.62479925e+00 0. 0. 2.98617554e+00 4.23131371e+00 0.
    0. 3.97258377e+00 0. 0. 0. 3.45512366e+00 4.09979286e+01
    4.15153885e+01 6.18256950e+00 4.86735821e+00 3.12955513e+01 0. 0. 0.
    0. 0. 0. 0. 0. 0. 0. 0. 0. 0. 0. 0. 0. 0. 0. 0. 0. 0. 0. 0. 0. 0. 0.</data></globfeat>
</opencv_storage>
