<?xml version="1.0"?>
<opencv_storage>
<globfeat type_id="opencv-matrix">
  <rows>1</rows>
  <cols>64</cols>
  <dt>f</dt>
  <data>
    6.25391245e+00 6.98426437e+01 1.41423702e+01 4.84350204e+00
    2.84268737e+00 3.63535976e+00 1.00423403e+01 8.52259541e+00 0. 0. 0.
    0. 2.87548757e+00 0. 0. 0. 0. 3.75562739e+00 4.43349886e+00 0. 0.
    5.51044035e+00 3.50962567e+00 0. 0. 0. 0. 0. 0. 0. 0. 0. 0.
    1.71326580e+01 4.07378960e+01 3.37405128e+01 4.54829979e+00
    1.22891560e+01 6.34137964e+00 0. 0. 0. 0. 0. 0. 0. 0. 0. 0. 0. 0. 0.
    0. 0. 0. 0. 0. 0. 0. 0. 0. 0. 0. 0.</data></globfeat>
</opencv_storage>
