<?xml version="1.0"?>
<opencv_storage>
<globfeat type_id="opencv-matrix">
  <rows>1</rows>
  <cols>64</cols>
  <dt>f</dt>
  <data>
    1.62500820e+01 5.43554230e+01 1.78092098e+01 6.69217873e+00
    1.09962540e+01 5.06168079e+00 9.67319012e+00 0. 0. 0. 0. 0. 0. 0. 0.
    0. 4.19427776e+00 1.16770010e+01 7.79015732e+00 0. 0. 0.
    5.68752861e+00 0. 0. 0. 0. 0. 0. 0. 0. 0. 3.02493072e+00
    4.02463989e+01 2.90415306e+01 6.14867926e+00 0. 1.43066597e+01
    9.27242851e+00 0. 0. 0. 2.77239561e+00 0. 0. 0. 0. 0. 0. 0. 0. 0. 0.
    0. 0. 0. 0. 0. 0. 0. 0. 0. 0. 0.</data></globfeat>
</opencv_storage>
