<?xml version="1.0"?>
<opencv_storage>
<globfeat type_id="opencv-matrix">
  <rows>1</rows>
  <cols>64</cols>
  <dt>f</dt>
  <data>
    9.36801529e+00 1.64158630e+01 1.25671158e+01 6.02151585e+00
    9.20423889e+00 7.91040468e+00 5.90141296e+00 1.22504816e+01
    6.22896576e+00 0. 0. 0. 5.92870903e+00 0. 0. 0. 2.84971094e+00
    7.77392435e+00 3.43930626e+00 0. 0. 0. 0. 0. 0. 0. 0. 0.
    6.50192690e+00 0. 0. 0. 6.37636471e+00 7.65491333e+01 4.93403969e+01
    3.90879893e+00 0. 6.46371222e+00 0. 0. 0. 0. 0. 0. 0. 0. 0. 0. 0. 0.
    0. 0. 0. 0. 0. 0. 0. 0. 0. 0. 0. 0. 0. 0.</data></globfeat>
</opencv_storage>
