<?xml version="1.0"?>
<opencv_storage>
<globfeat type_id="opencv-matrix">
  <rows>1</rows>
  <cols>64</cols>
  <dt>f</dt>
  <data>
    1.01974430e+01 6.95812988e+00 0. 0. 9.09458447e+00 3.61758804e+00
    4.66716814e+00 1.31437254e+01 1.66760693e+01 0. 0. 0. 2.93349628e+01
    0. 0. 0. 3.51103163e+00 7.27779865e+00 0. 0. 0. 7.40033865e+00 0. 0.
    0. 4.30487633e+00 0. 0. 5.29052258e+00 0. 0. 0. 8.43393517e+00
    7.96082458e+01 1.44543686e+01 0. 1.18117714e+01 1.92174377e+01 0. 0.
    0. 0. 0. 0. 0. 0. 0. 0. 0. 0. 0. 0. 0. 0. 0. 0. 0. 0. 0. 0. 0. 0. 0.
    0.</data></globfeat>
</opencv_storage>
