<?xml version="1.0"?>
<opencv_storage>
<globfeat type_id="opencv-matrix">
  <rows>1</rows>
  <cols>64</cols>
  <dt>f</dt>
  <data>
    3.17981434e+01 1.62799530e+01 8.66232777e+00 8.24335861e+00 0.
    9.39688492e+00 1.26071701e+01 0. 0. 0. 0. 0. 0. 0. 0. 0. 0.
    4.73925114e+00 1.11870270e+01 7.19321489e+00 0. 0. 0. 0. 0. 0. 0. 0.
    0. 0. 0. 0. 2.85660934e+00 3.71468048e+01 3.51226921e+01
    1.91147976e+01 6.02336502e+00 1.69981861e+01 2.05567055e+01
    3.49322534e+00 3.58028388e+00 0. 0. 0. 0. 0. 0. 0. 0. 0. 0. 0. 0. 0.
    0. 0. 0. 0. 0. 0. 0. 0. 0. 0.</data></globfeat>
</opencv_storage>
