<?xml version="1.0"?>
<opencv_storage>
<globfeat type_id="opencv-matrix">
  <rows>1</rows>
  <cols>64</cols>
  <dt>f</dt>
  <data>
    4.78479290e+00 4.12570305e+01 3.54108009e+01 8.68042564e+00 0.
    4.46247244e+00 4.41801453e+00 3.18986201e+00 3.05093074e+00 0. 0. 0.
    0. 0. 0. 0. 0. 3.76781607e+00 0. 0. 0. 3.21209097e+00 5.97404432e+00
    3.40659475e+00 0. 3.46216726e+00 0. 0. 0. 0. 0. 0. 0. 1.00919676e+01
    2.47742233e+01 3.04315052e+01 3.67334270e+00 3.35268936e+01
    1.15924253e+01 0. 0. 0. 0. 0. 0. 0. 0. 0. 0. 1.58326073e+01 0. 0. 0.
    0. 0. 0. 0. 0. 0. 0. 0. 0. 0. 0.</data></globfeat>
</opencv_storage>
