<?xml version="1.0"?>
<opencv_storage>
<globfeat type_id="opencv-matrix">
  <rows>1</rows>
  <cols>64</cols>
  <dt>f</dt>
  <data>
    2.92365003e+00 4.72030640e+01 1.24622622e+01 9.41339111e+00
    4.36641979e+00 1.00122766e+01 3.59875727e+00 0. 0. 0. 0. 0. 0. 0. 0.
    0. 0. 3.02709389e+00 0. 0. 0. 0. 3.20131516e+00 8.64572906e+00 0. 0.
    0. 0. 0. 0. 0. 0. 3.05976033e+00 3.48714676e+01 4.43828583e+01
    2.78100643e+01 7.32818079e+00 1.40520315e+01 1.24295959e+01
    3.04887152e+00 3.16320419e+00 0. 0. 0. 0. 0. 0. 0. 0. 0. 0. 0. 0. 0.
    0. 0. 0. 0. 0. 0. 0. 0. 0. 0.</data></globfeat>
</opencv_storage>
