<?xml version="1.0"?>
<opencv_storage>
<globfeat type_id="opencv-matrix">
  <rows>1</rows>
  <cols>64</cols>
  <dt>f</dt>
  <data>
    0. 4.80447502e+01 2.78918228e+01 8.05678558e+00 0. 2.76780725e+00
    3.05280924e+00 6.97158575e+00 3.72146749e+00 0. 0. 0. 0. 0. 0. 0. 0.
    0. 5.08070755e+00 3.75435233e+00 0. 0. 2.85550022e+00 7.05379772e+00
    0. 0. 0. 0. 0. 0. 0. 0. 0. 1.66068439e+01 3.18106003e+01
    4.38793373e+01 4.34627962e+00 1.10164204e+01 2.20657272e+01
    6.02340603e+00 0. 0. 0. 0. 0. 0. 0. 0. 0. 0. 0. 0. 0. 0. 0. 0. 0. 0.
    0. 0. 0. 0. 0. 0.</data></globfeat>
</opencv_storage>
