<?xml version="1.0"?>
<opencv_storage>
<globfeat type_id="opencv-matrix">
  <rows>1</rows>
  <cols>64</cols>
  <dt>f</dt>
  <data>
    1.26336441e+01 2.73828411e+01 1.40440121e+01 8.50018024e+00
    1.19284601e+01 1.55520210e+01 3.84596562e+00 0. 6.02661180e+00 0. 0.
    0. 3.48794889e+00 5.61435032e+00 0. 0. 0. 3.25469589e+00
    3.81341863e+00 0. 2.79903841e+00 0. 0. 0. 0. 0. 0. 0. 3.49337339e+00
    0. 0. 0. 2.90752816e+00 4.88855324e+01 4.68404961e+01 7.61598825e+00
    0. 1.54435320e+01 7.59971476e+00 0. 0. 3.33063865e+00 0. 0. 0. 0. 0.
    0. 0. 0. 0. 0. 0. 0. 0. 0. 0. 0. 0. 0. 0. 0. 0. 0.</data></globfeat>
</opencv_storage>
