<?xml version="1.0"?>
<opencv_storage>
<globfeat type_id="opencv-matrix">
  <rows>1</rows>
  <cols>64</cols>
  <dt>f</dt>
  <data>
    1.52622919e+01 3.68039589e+01 2.36384029e+01 4.06886101e+00
    1.18544178e+01 8.06728840e+00 0. 0. 6.38231421e+00 0. 0. 0.
    7.48215294e+00 5.58587933e+00 0. 0. 0. 3.33202314e+00 0. 0.
    2.91484308e+00 3.38620234e+00 0. 0. 2.86608171e+00 3.14781380e+00 0.
    0. 3.76545715e+00 0. 0. 0. 3.21282887e+00 4.03093529e+01
    2.52041817e+01 1.00448313e+01 4.00926352e+00 3.03078671e+01 0. 0. 0.
    0. 0. 0. 0. 0. 0. 0. 0. 3.35369492e+00 0. 0. 0. 0. 0. 0. 0. 0. 0. 0.
    0. 0. 0. 0.</data></globfeat>
</opencv_storage>
