<?xml version="1.0"?>
<opencv_storage>
<globfeat type_id="opencv-matrix">
  <rows>1</rows>
  <cols>64</cols>
  <dt>f</dt>
  <data>
    6.41798019e+00 7.06364746e+01 1.50913744e+01 4.55505228e+00
    3.23386598e+00 3.17858624e+00 1.00830278e+01 9.07140827e+00 0. 0. 0.
    0. 0. 0. 0. 0. 0. 3.74243975e+00 4.72641945e+00 0. 0. 5.72698307e+00
    2.89665937e+00 0. 0. 0. 0. 0. 0. 0. 0. 0. 0. 1.77005787e+01
    4.24327431e+01 3.16642456e+01 5.48928022e+00 1.24932261e+01
    5.85965443e+00 0. 0. 0. 0. 0. 0. 0. 0. 0. 0. 0. 0. 0. 0. 0. 0. 0. 0.
    0. 0. 0. 0. 0. 0. 0.</data></globfeat>
</opencv_storage>
