<?xml version="1.0"?>
<opencv_storage>
<globfeat type_id="opencv-matrix">
  <rows>1</rows>
  <cols>64</cols>
  <dt>f</dt>
  <data>
    3.86412621e+00 1.51062002e+01 2.04308262e+01 1.40930128e+01
    7.38333750e+00 4.62940645e+00 0. 0. 8.06777859e+00 0. 0. 0. 0. 0. 0.
    0. 0. 0. 6.98452950e+00 0. 0. 1.00564289e+01 4.43539190e+00 0.
    2.99106002e+00 5.69648743e+00 0. 0. 0. 0. 0. 0. 3.77250814e+00
    2.58578491e+01 3.60975151e+01 3.02393475e+01 1.37912121e+01
    1.80487576e+01 0. 0. 4.58090258e+00 0. 0. 0. 0. 0. 0. 0. 0. 0.
    1.07732058e+01 8.10011387e+00 0. 0. 0. 0. 0. 0. 0. 0. 0. 0. 0. 0.</data></globfeat>
</opencv_storage>
