<?xml version="1.0"?>
<opencv_storage>
<globfeat type_id="opencv-matrix">
  <rows>1</rows>
  <cols>64</cols>
  <dt>f</dt>
  <data>
    4.43568659e+00 7.47120514e+01 1.58940868e+01 0. 4.07470560e+00
    4.38646173e+00 7.39463377e+00 1.74856834e+01 0. 0. 0. 0.
    3.34727502e+00 0. 0. 0. 0. 5.00450420e+00 4.89511633e+00 0. 0.
    4.51225805e+00 4.91152430e+00 0. 0. 2.99723315e+00 0. 0. 0. 0. 0. 0.
    0. 3.29695663e+01 2.76204891e+01 3.26523399e+00 1.00527639e+01
    2.70407314e+01 0. 0. 0. 0. 0. 0. 0. 0. 0. 0. 0. 0. 0. 0. 0. 0. 0. 0.
    0. 0. 0. 0. 0. 0. 0. 0.</data></globfeat>
</opencv_storage>
