<?xml version="1.0"?>
<opencv_storage>
<globfeat type_id="opencv-matrix">
  <rows>1</rows>
  <cols>64</cols>
  <dt>f</dt>
  <data>
    1.03748808e+01 8.99900055e+00 2.91431618e+01 1.39500446e+01
    8.88213062e+00 7.88342190e+00 1.01995754e+01 3.18736744e+00
    6.23661518e+00 2.96956396e+00 0. 0. 8.44121075e+00 0. 0. 0. 0.
    3.39454627e+00 1.85451660e+01 9.56741428e+00 0. 0. 0. 0. 0. 0. 0. 0.
    0. 0. 0. 0. 3.51141644e+00 4.77786369e+01 4.19563789e+01
    6.45441866e+00 0. 9.92333698e+00 3.60172510e+00 0. 0. 0. 0. 0. 0. 0.
    0. 0. 0. 0. 0. 0. 0. 0. 0. 0. 0. 0. 0. 0. 0. 0. 0. 0.</data></globfeat>
</opencv_storage>
