<?xml version="1.0"?>
<opencv_storage>
<globfeat type_id="opencv-matrix">
  <rows>1</rows>
  <cols>64</cols>
  <dt>f</dt>
  <data>
    3.21945190e+00 4.52125359e+01 1.36651440e+01 9.86867142e+00
    5.45742941e+00 1.37460346e+01 3.61312032e+00 0. 3.61312032e+00 0. 0.
    0. 0. 0. 0. 0. 0. 3.09541941e+00 0. 0. 0. 2.88510346e+00
    3.04688501e+00 1.12006731e+01 0. 0. 0. 0. 0. 0. 0. 0. 4.00678873e+00
    3.63576965e+01 3.76357689e+01 1.51427488e+01 1.04079437e+01
    1.53422794e+01 1.46196547e+01 2.86353254e+00 0. 0. 0. 0. 0. 0. 0. 0.
    0. 0. 0. 0. 0. 0. 0. 0. 0. 0. 0. 0. 0. 0. 0. 0.</data></globfeat>
</opencv_storage>
