<?xml version="1.0"?>
<opencv_storage>
<globfeat type_id="opencv-matrix">
  <rows>1</rows>
  <cols>64</cols>
  <dt>f</dt>
  <data>
    3.75504951e+01 1.66878967e+01 9.43394852e+00 1.17992477e+01
    5.78244925e+00 5.23744917e+00 1.29491978e+01 0. 0. 0. 0. 0. 0. 0. 0.
    0. 0. 1.05021486e+01 1.53635473e+01 8.18589878e+00 0. 0. 0. 0. 0. 0.
    0. 0. 0. 0. 0. 0. 0. 2.19634972e+01 3.41333427e+01 1.90695477e+01
    6.17484903e+00 1.23932981e+01 1.83337975e+01 5.81514883e+00
    3.62424946e+00 0. 0. 0. 0. 0. 0. 0. 0. 0. 0. 0. 0. 0. 0. 0. 0. 0. 0.
    0. 0. 0. 0. 0.</data></globfeat>
</opencv_storage>
