<?xml version="1.0"?>
<opencv_storage>
<globfeat type_id="opencv-matrix">
  <rows>1</rows>
  <cols>64</cols>
  <dt>f</dt>
  <data>
    1.53917999e+01 1.80084591e+01 1.63433132e+01 0. 1.22777586e+01
    4.84947109e+00 0. 0. 3.91417742e+00 0. 0. 0. 3.18973017e+00 0. 0. 0.
    0. 4.31424522e+00 0. 0. 2.90319514e+00 4.79540777e+00 0. 0. 0. 0. 0.
    0. 0. 0. 0. 0. 6.32539701e+00 4.23315048e+01 3.77036934e+01 0.
    1.95762939e+01 2.71667709e+01 4.72512579e+00 0. 2.77884984e+00 0. 0.
    0. 3.11944795e+00 0. 0. 0. 0. 7.16878366e+00 1.81165867e+01 0. 0. 0.
    0. 0. 0. 0. 0. 0. 0. 0. 0. 0.</data></globfeat>
</opencv_storage>
