<?xml version="1.0"?>
<opencv_storage>
<globfeat type_id="opencv-matrix">
  <rows>1</rows>
  <cols>64</cols>
  <dt>f</dt>
  <data>
    1.25485630e+01 3.03972416e+01 1.76010094e+01 1.46454935e+01
    1.49757185e+01 8.65190411e+00 5.98808622e+00 0. 8.32718182e+00 0. 0.
    0. 6.96225071e+00 5.93855238e+00 0. 0. 0. 0. 0. 0. 0. 4.80477858e+00
    0. 0. 0. 4.67819214e+00 0. 0. 0. 0. 0. 0. 6.14219093e+00
    2.91588974e+01 2.71995602e+01 7.58417511e+00 5.32213163e+00
    2.83113194e+01 1.57627554e+01 0. 0. 0. 0. 0. 0. 0. 0. 0. 0. 0. 0. 0.
    0. 0. 0. 0. 0. 0. 0. 0. 0. 0. 0. 0.</data></globfeat>
</opencv_storage>
