<?xml version="1.0"?>
<opencv_storage>
<globfeat type_id="opencv-matrix">
  <rows>1</rows>
  <cols>64</cols>
  <dt>f</dt>
  <data>
    4.23316240e+00 4.41764297e+01 6.64897537e+00 0. 5.75402641e+00
    4.21120071e+00 1.05636902e+01 6.63799429e+00 6.68191814e+00 0. 0. 0.
    0. 0. 0. 0. 0. 0. 0. 0. 0. 7.16508055e+00 3.27232790e+00 0.
    2.78367496e+00 3.55783319e+00 0. 0. 0. 0. 0. 0. 0. 1.73169842e+01
    3.44527817e+01 2.39000740e+01 1.40062227e+01 3.87573204e+01
    1.69985371e+01 0. 3.88177156e+00 0. 0. 0. 0. 0. 0. 0. 0. 0. 0. 0. 0.
    0. 0. 0. 0. 0. 0. 0. 0. 0. 0. 0.</data></globfeat>
</opencv_storage>
