<?xml version="1.0"?>
<opencv_storage>
<globfeat type_id="opencv-matrix">
  <rows>1</rows>
  <cols>64</cols>
  <dt>f</dt>
  <data>
    0. 5.98459435e+01 2.54848175e+01 6.55556250e+00 3.37809396e+00
    3.02022195e+00 5.08069658e+00 6.66400862e+00 3.77392197e+00 0. 0. 0.
    0. 0. 0. 0. 0. 0. 2.75452924e+00 0. 0. 3.85525632e+00 8.05211830e+00
    2.99311042e+00 0. 0. 0. 0. 0. 0. 0. 0. 0. 1.68091354e+01
    2.83803272e+01 5.21408539e+01 4.13721609e+00 1.19290638e+01
    6.40373802e+00 0. 0. 0. 0. 0. 0. 0. 0. 0. 0. 0. 0. 3.74138808e+00 0.
    0. 0. 0. 0. 0. 0. 0. 0. 0. 0. 0.</data></globfeat>
</opencv_storage>
