<?xml version="1.0"?>
<opencv_storage>
<globfeat type_id="opencv-matrix">
  <rows>1</rows>
  <cols>64</cols>
  <dt>f</dt>
  <data>
    1.25116692e+01 2.48402157e+01 1.42082586e+01 3.58168745e+00
    1.08850985e+01 7.80430841e+00 5.29443455e+00 9.21543980e+00
    7.64272881e+00 0. 0. 0. 5.40754032e+00 4.17953300e+00 0. 0. 0.
    6.43087959e+00 0. 0. 0. 3.02692986e+00 0. 0. 0. 0. 0. 0.
    3.58168745e+00 0. 0. 0. 3.33393168e+00 5.99515266e+01 5.33375206e+01
    6.38240576e+00 0. 9.24775600e+00 0. 0. 0. 0. 0. 0. 0. 0. 0. 0. 0. 0.
    4.13644505e+00 0. 0. 0. 0. 0. 0. 0. 0. 0. 0. 0. 0. 0.</data></globfeat>
</opencv_storage>
