<?xml version="1.0"?>
<opencv_storage>
<globfeat type_id="opencv-matrix">
  <rows>1</rows>
  <cols>64</cols>
  <dt>f</dt>
  <data>
    0. 4.76625395e+00 3.73988457e+01 2.90903988e+01 3.78592229e+00
    7.73974657e+00 7.46893644e+00 0. 8.25428486e+00 3.89424610e+00
    4.91249132e+00 0. 0. 0. 0. 0. 0. 0. 1.86588020e+01 2.14589748e+01 0.
    4.51169252e+00 0. 0. 0. 5.11830664e+00 0. 0. 0. 0. 0. 0.
    6.39652967e+00 3.03090420e+01 4.88107719e+01 2.74059606e+00 0.
    6.76483107e+00 2.91933060e+00 0. 0. 0. 0. 0. 0. 0. 0. 0. 0. 0. 0. 0.
    0. 0. 0. 0. 0. 0. 0. 0. 0. 0. 0. 0.</data></globfeat>
</opencv_storage>
