<?xml version="1.0"?>
<opencv_storage>
<globfeat type_id="opencv-matrix">
  <rows>1</rows>
  <cols>64</cols>
  <dt>f</dt>
  <data>
    1.22481661e+01 1.32422657e+01 1.10786362e+01 0. 1.23385382e+01
    3.96045303e+00 0. 0. 3.81160378e+00 0. 0. 0. 3.25341916e+00 0. 0. 0.
    0. 0. 0. 0. 0. 0. 0. 0. 0. 0. 0. 0. 0. 0. 0. 0. 4.76849174e+00
    4.80091934e+01 4.47770386e+01 5.78917217e+00 2.13545494e+01
    2.56764927e+01 3.76907539e+00 0. 2.93977237e+00 0. 0. 0.
    2.87597990e+00 0. 0. 0. 0. 1.04832392e+01 2.08442097e+01
    3.77970743e+00 0. 0. 0. 0. 0. 0. 0. 0. 0. 0. 0. 0.</data></globfeat>
</opencv_storage>
