<?xml version="1.0"?>
<opencv_storage>
<globfeat type_id="opencv-matrix">
  <rows>1</rows>
  <cols>64</cols>
  <dt>f</dt>
  <data>
    2.07311077e+01 2.85668888e+01 2.42042351e+01 7.01424217e+00
    1.16998463e+01 3.67709446e+00 0. 0. 1.19434748e+01 0. 0. 0. 0.
    5.65445375e+00 0. 0. 4.17568350e+00 8.61765957e+00 0. 0.
    3.41646838e+00 4.95756197e+00 3.76208138e+00 0. 0. 6.01139784e+00 0.
    0. 0. 0. 0. 0. 4.54395962e+00 3.54678154e+01 1.79662056e+01
    1.29066582e+01 1.49860020e+01 2.14393311e+01 0. 0. 0. 0. 0. 0. 0. 0.
    0. 0. 0. 0. 0. 0. 0. 0. 0. 0. 0. 0. 0. 0. 0. 3.25782657e+00 0. 0.</data></globfeat>
</opencv_storage>
