<?xml version="1.0"?>
<opencv_storage>
<globfeat type_id="opencv-matrix">
  <rows>1</rows>
  <cols>64</cols>
  <dt>f</dt>
  <data>
    1.54601345e+01 1.64745369e+01 0. 0. 1.72014332e+01 4.23661900e+00 0.
    0. 1.95557137e+01 0. 0. 0. 1.14025269e+01 0. 0. 0. 3.69415832e+00 0.
    3.00523305e+00 0. 6.87840366e+00 1.23084364e+01 1.33770847e+01 0.
    8.02299595e+00 4.69228649e+00 0. 0. 9.19471169e+00 0. 0. 0.
    3.27646351e+00 9.08079433e+00 0. 0. 2.52949486e+01 6.57516785e+01 0.
    0. 6.09183550e+00 0. 0. 0. 0. 0. 0. 0. 0. 0. 0. 0. 0. 0. 0. 0. 0. 0.
    0. 0. 0. 0. 0. 0.</data></globfeat>
</opencv_storage>
