<?xml version="1.0"?>
<opencv_storage>
<globfeat type_id="opencv-matrix">
  <rows>1</rows>
  <cols>64</cols>
  <dt>f</dt>
  <data>
    1.19848957e+01 1.64602356e+01 0. 0. 4.44232445e+01 2.73551178e+00 0.
    0. 3.35074005e+01 0. 0. 0. 1.18329229e+01 0. 0. 0. 0. 0. 0. 0.
    9.09217072e+00 8.59956837e+00 8.79870605e+00 2.81935883e+00
    1.16233053e+01 2.67262650e+00 0. 0. 3.52157831e+00 0. 0. 0.
    3.04993844e+00 8.67817497e+00 0. 0. 5.27450714e+01 1.87869930e+01 0.
    0. 3.66831088e+00 0. 0. 0. 0. 0. 0. 0. 0. 0. 0. 0. 0. 0. 0. 0. 0. 0.
    0. 0. 0. 0. 0. 0.</data></globfeat>
</opencv_storage>
