<?xml version="1.0"?>
<opencv_storage>
<globfeat type_id="opencv-matrix">
  <rows>1</rows>
  <cols>64</cols>
  <dt>f</dt>
  <data>
    5.69231701e+00 7.10485506e+00 1.11158304e+01 5.90314388e+00
    2.80926394e+00 2.73969116e+01 3.13024750e+01 6.07707596e+00 0.
    5.15470934e+00 4.31140327e+00 0. 0. 0. 0. 0. 0. 0. 0. 0. 0. 0. 0. 0.
    0. 0. 0. 0. 0. 0. 0. 0. 1.38354931e+01 0. 0. 0. 4.15328331e+01
    2.25426311e+01 2.07295227e+01 0. 2.91942081e+01 7.71625233e+00 0. 0.
    5.55000925e+00 0. 0. 0. 3.67892361e+00 3.35214233e+00 0. 0. 0. 0. 0.
    0. 0. 0. 0. 0. 0. 0. 0. 0.</data></globfeat>
</opencv_storage>
