<?xml version="1.0"?>
<opencv_storage>
<globfeat type_id="opencv-matrix">
  <rows>1</rows>
  <cols>64</cols>
  <dt>f</dt>
  <data>
    6.76156425e+00 6.42772532e+00 9.91448879e+00 4.72143745e+00
    2.95156074e+00 2.87419472e+01 3.23558884e+01 3.79410672e+00
    4.22332811e+00 8.20820045e+00 3.80470467e+00 0. 3.75171447e+00 0. 0.
    0. 0. 0. 0. 0. 0. 0. 0. 0. 0. 0. 0. 0. 0. 0. 0. 0. 1.14141140e+01 0.
    0. 0. 4.22915726e+01 2.06821213e+01 6.31644583e+00 0. 3.52332611e+01
    6.62908888e+00 0. 0. 7.62530661e+00 0. 0. 0. 4.79032469e+00
    4.36110306e+00 0. 0. 0. 0. 0. 0. 0. 0. 0. 0. 0. 0. 0. 0.</data></globfeat>
</opencv_storage>
