<?xml version="1.0"?>
<opencv_storage>
<globfeat type_id="opencv-matrix">
  <rows>1</rows>
  <cols>64</cols>
  <dt>f</dt>
  <data>
    2.02496986e+01 6.30552101e+00 0. 2.87591958e+00 9.53622723e+00
    1.84488888e+01 2.67433643e+01 3.60699439e+00 8.91803837e+00
    3.05331278e+00 0. 0. 2.40609646e+01 0. 0. 0. 3.44572783e+00 0. 0. 0.
    0. 0. 0. 0. 0. 0. 0. 0. 0. 0. 0. 0. 1.60352669e+01 0. 0. 0.
    3.58387947e+01 9.42871571e+00 6.15500546e+00 0. 4.48589706e+01 0. 0.
    0. 1.20949888e+01 0. 0. 0. 0. 3.34359241e+00 0. 0. 0. 0. 0. 0. 0. 0.
    0. 0. 0. 0. 0. 0.</data></globfeat>
</opencv_storage>
