<?xml version="1.0"?>
<opencv_storage>
<globfeat type_id="opencv-matrix">
  <rows>1</rows>
  <cols>64</cols>
  <dt>f</dt>
  <data>
    8.03693008e+00 1.06008911e+01 6.77352905e+00 0. 1.25172272e+01
    1.96888866e+01 1.41097488e+01 5.32964182e+00 6.64612722e+00 0. 0. 0.
    3.31775522e+00 0. 0. 0. 5.74900627e+00 0. 0. 0. 3.37614775e+00 0. 0.
    0. 0. 0. 0. 0. 0. 0. 0. 0. 1.72788696e+01 6.89562225e+00
    7.13980913e+00 0. 4.04872284e+01 2.59528084e+01 2.37869778e+01
    6.87969732e+00 2.10478382e+01 0. 0. 0. 3.44515705e+00 0. 0. 0.
    2.96740031e+00 2.97270870e+00 0. 0. 0. 0. 0. 0. 0. 0. 0. 0. 0. 0. 0.
    0.</data></globfeat>
</opencv_storage>
