<?xml version="1.0"?>
<opencv_storage>
<globfeat type_id="opencv-matrix">
  <rows>1</rows>
  <cols>64</cols>
  <dt>f</dt>
  <data>
    8.30613708e+00 6.17012262e+00 9.87642574e+00 5.07039213e+00
    3.36263752e+00 2.71125851e+01 3.31611023e+01 4.31432724e+00
    3.58469844e+00 7.95718431e+00 3.72745180e+00 0. 3.57941127e+00 0. 0.
    0. 0. 0. 0. 0. 0. 0. 0. 0. 0. 0. 0. 0. 0. 0. 0. 0. 1.28266640e+01 0.
    0. 0. 4.27678833e+01 2.06675301e+01 5.32946301e+00 0. 3.52971191e+01
    6.68826485e+00 0. 0. 6.73584938e+00 0. 0. 0. 4.83775663e+00
    3.62699580e+00 0. 0. 0. 0. 0. 0. 0. 0. 0. 0. 0. 0. 0. 0.</data></globfeat>
</opencv_storage>
