<?xml version="1.0"?>
<opencv_storage>
<globfeat type_id="opencv-matrix">
  <rows>1</rows>
  <cols>64</cols>
  <dt>f</dt>
  <data>
    1.14182358e+01 4.46824169e+00 3.90222812e+00 3.22192335e+00
    1.64524899e+01 2.00445004e+01 9.02356243e+00 9.08342934e+00
    1.89288006e+01 0. 0. 0. 0. 0. 0. 0. 0. 0. 0. 0. 2.90081954e+00 0. 0.
    0. 0. 0. 0. 0. 0. 0. 0. 0. 1.47000256e+01 0. 0. 0. 3.08477402e+01
    4.28483162e+01 1.21475220e+01 6.29690075e+00 1.80961075e+01 0. 0. 0.
    1.54184275e+01 0. 0. 0. 8.50108814e+00 6.69964123e+00 0. 0. 0. 0. 0.
    0. 0. 0. 0. 0. 0. 0. 0. 0.</data></globfeat>
</opencv_storage>
