<?xml version="1.0"?>
<opencv_storage>
<globfeat type_id="opencv-matrix">
  <rows>1</rows>
  <cols>64</cols>
  <dt>f</dt>
  <data>
    1.08612833e+01 4.53554106e+00 6.16200447e+00 0. 9.48042679e+00
    1.51184692e+01 1.68759232e+01 0. 1.65811958e+01 0. 0. 0.
    7.05710506e+00 0. 0. 0. 3.29659033e+00 0. 0. 0. 0. 0. 0. 0. 0. 0. 0.
    0. 0. 0. 0. 0. 8.84184837e+00 0. 0. 0. 2.00688133e+01 2.82284203e+01
    1.81148739e+01 0. 2.85831852e+01 0. 0. 0. 1.48346567e+01 0. 0. 0.
    2.05764008e+01 1.47637043e+01 0. 0. 6.60955477e+00 4.41000843e+00 0.
    0. 0. 0. 0. 0. 0. 0. 0. 0.</data></globfeat>
</opencv_storage>
