<?xml version="1.0"?>
<opencv_storage>
<globfeat type_id="opencv-matrix">
  <rows>1</rows>
  <cols>64</cols>
  <dt>f</dt>
  <data>
    1.65389023e+01 9.78192902e+00 0. 0. 1.10365677e+01 2.40135727e+01
    2.35297928e+01 7.05468464e+00 2.01061172e+01 0. 0. 0. 1.11801071e+01
    0. 0. 0. 6.24129629e+00 0. 0. 0. 0. 0. 0. 0. 2.97710896e+00 0. 0. 0.
    0. 0. 0. 0. 2.45292511e+01 0. 0. 0. 2.67408180e+01 4.05099440e+00 0.
    0. 1.30301676e+01 0. 0. 0. 4.02441311e+00 0. 0. 0. 2.15521412e+01
    1.53480597e+01 0. 0. 8.28274250e+00 4.98134089e+00 0. 0. 0. 0. 0. 0.
    0. 0. 0. 0.</data></globfeat>
</opencv_storage>
