<?xml version="1.0"?>
<opencv_storage>
<globfeat type_id="opencv-matrix">
  <rows>1</rows>
  <cols>64</cols>
  <dt>f</dt>
  <data>
    1.23587465e+01 1.27622108e+01 6.35987043e+00 0. 1.29851780e+01
    3.32167854e+01 1.87239246e+01 5.85554028e+00 9.72030258e+00 0. 0. 0.
    2.90388060e+00 0. 0. 0. 4.66107368e+00 0. 0. 0. 0. 0. 0. 0. 0. 0. 0.
    0. 0. 0. 0. 0. 1.86230602e+01 0. 0. 0. 3.82176170e+01 2.40592098e+01
    1.87398510e+01 5.20787382e+00 2.14579258e+01 0. 0. 0. 2.77116227e+00
    0. 0. 0. 3.68426538e+00 2.69153118e+00 0. 0. 0. 0. 0. 0. 0. 0. 0. 0.
    0. 0. 0. 0.</data></globfeat>
</opencv_storage>
