<?xml version="1.0"?>
<opencv_storage>
<globfeat type_id="opencv-matrix">
  <rows>1</rows>
  <cols>64</cols>
  <dt>f</dt>
  <data>
    8.87380123e+00 5.91939735e+00 1.00333252e+01 5.01401520e+00
    3.34091210e+00 2.68384838e+01 3.24878540e+01 3.36738515e+00
    3.49975085e+00 7.38071537e+00 4.18805313e+00 0. 2.88027906e+00 0. 0.
    0. 0. 0. 0. 0. 0. 0. 0. 0. 0. 0. 0. 0. 0. 0. 0. 0. 1.22888384e+01 0.
    0. 0. 3.76607094e+01 2.29998760e+01 5.97763824e+00 0. 3.87355194e+01
    6.09941483e+00 0. 0. 6.42238712e+00 0. 0. 0. 8.30727577e+00
    2.68437791e+00 0. 0. 0. 0. 0. 0. 0. 0. 0. 0. 0. 0. 0. 0.</data></globfeat>
</opencv_storage>
