<?xml version="1.0"?>
<opencv_storage>
<globfeat type_id="opencv-matrix">
  <rows>1</rows>
  <cols>64</cols>
  <dt>f</dt>
  <data>
    7.04596186e+00 2.82370257e+00 0. 0. 1.31879139e+01 5.24857712e+00
    7.00342035e+00 4.88697290e+00 2.39296818e+01 0. 0. 0. 4.21162415e+00
    0. 0. 0. 0. 0. 0. 0. 0. 0. 0. 0. 0. 0. 0. 0. 0. 0. 0. 0.
    2.31001186e+01 0. 0. 0. 2.30309887e+01 1.98456821e+01 1.49693451e+01
    1.77505054e+01 6.20204163e+01 3.81811357e+00 0. 0. 1.01621380e+01 0.
    0. 0. 8.50301361e+00 3.46182728e+00 0. 0. 0. 0. 0. 0. 0. 0. 0. 0. 0.
    0. 0. 0.</data></globfeat>
</opencv_storage>
