<?xml version="1.0"?>
<opencv_storage>
<globfeat type_id="opencv-matrix">
  <rows>1</rows>
  <cols>64</cols>
  <dt>f</dt>
  <data>
    9.70339584e+00 0. 0. 3.21812940e+00 5.23830891e+00 1.26057014e+01
    1.82197304e+01 2.85874438e+00 1.04983988e+01 3.33247924e+00 0. 0.
    2.91428566e+01 0. 0. 0. 0. 0. 0. 0. 0. 0. 0. 0. 0. 0. 0. 0.
    8.65246677e+00 0. 0. 0. 4.66111469e+00 0. 0. 0. 2.28481750e+01
    3.34772568e+01 2.76454201e+01 0. 3.39128761e+01 0. 0. 0.
    2.24180012e+01 0. 0. 0. 2.87508011e+00 0. 0. 0. 3.69186425e+00 0. 0.
    0. 0. 0. 0. 0. 0. 0. 0. 0.</data></globfeat>
</opencv_storage>
