<?xml version="1.0"?>
<opencv_storage>
<globfeat type_id="opencv-matrix">
  <rows>1</rows>
  <cols>64</cols>
  <dt>f</dt>
  <data>
    7.09097099e+00 6.39826632e+00 1.05597830e+01 4.42062044e+00
    2.69678998e+00 2.92310867e+01 3.25729904e+01 3.87597442e+00
    4.15622902e+00 7.55101156e+00 3.92885280e+00 0. 3.82838416e+00 0. 0.
    0. 0. 0. 0. 0. 0. 0. 0. 0. 0. 0. 0. 0. 0. 0. 0. 0. 1.25532923e+01 0.
    0. 0. 4.19694519e+01 2.17593937e+01 5.72142458e+00 0. 3.51270103e+01
    5.90121078e+00 0. 0. 7.09625864e+00 0. 0. 0. 4.62684536e+00
    3.93414044e+00 0. 0. 0. 0. 0. 0. 0. 0. 0. 0. 0. 0. 0. 0.</data></globfeat>
</opencv_storage>
