<?xml version="1.0"?>
<opencv_storage>
<globfeat type_id="opencv-matrix">
  <rows>1</rows>
  <cols>64</cols>
  <dt>f</dt>
  <data>
    1.35953550e+01 4.36208868e+00 0. 0. 1.41901855e+01 1.54066410e+01
    1.19769888e+01 7.30944633e+00 7.89355898e+00 0. 0. 0. 5.02122498e+00
    0. 0. 0. 3.16706944e+00 0. 0. 0. 0. 0. 0. 0. 0. 0. 0. 0. 0. 0. 0. 0.
    1.60979290e+01 0. 0. 0. 2.19015446e+01 2.73729115e+01 2.10816422e+01
    8.42408276e+00 2.65315742e+01 0. 0. 0. 1.05140276e+01 0. 0. 0.
    1.27968893e+01 1.09748869e+01 3.02238107e+00 0. 6.12514448e+00
    4.11558247e+00 3.11883998e+00 0. 0. 0. 0. 0. 0. 0. 0. 0.</data></globfeat>
</opencv_storage>
