<?xml version="1.0"?>
<opencv_storage>
<globfeat type_id="opencv-matrix">
  <rows>1</rows>
  <cols>64</cols>
  <dt>f</dt>
  <data>
    7.88648891e+00 6.26496792e+00 9.96603775e+00 4.94879818e+00
    2.92716146e+00 2.92400265e+01 3.18144550e+01 3.82742167e+00
    4.14330244e+00 7.64431381e+00 3.76951003e+00 0. 3.60104036e+00 0. 0.
    0. 0. 0. 0. 0. 0. 0. 0. 0. 0. 0. 0. 0. 0. 0. 0. 0. 1.18981743e+01 0.
    0. 0. 4.05748825e+01 2.07533646e+01 5.59108925e+00 0. 3.86216850e+01
    5.93855810e+00 0. 0. 6.88093519e+00 0. 0. 0. 4.98565102e+00
    3.72212791e+00 0. 0. 0. 0. 0. 0. 0. 0. 0. 0. 0. 0. 0. 0.</data></globfeat>
</opencv_storage>
