<?xml version="1.0"?>
<opencv_storage>
<globfeat type_id="opencv-matrix">
  <rows>1</rows>
  <cols>64</cols>
  <dt>f</dt>
  <data>
    2.27077656e+01 1.48541117e+01 4.05931139e+00 0. 1.78535500e+01
    3.12556362e+01 3.21724243e+01 0. 1.44566593e+01 3.52407575e+00 0. 0.
    2.03813457e+01 0. 0. 0. 5.61732340e+00 0. 0. 0. 4.94430447e+00 0. 0.
    0. 4.94430447e+00 0. 0. 0. 5.93528509e+00 0. 0. 0. 1.19606600e+01 0.
    0. 0. 1.19606600e+01 1.12293482e+01 6.45992231e+00 0. 1.58503914e+01
    0. 0. 0. 8.31469917e+00 0. 0. 0. 2.97294211e+00 0. 0. 0.
    3.54527307e+00 0. 0. 0. 0. 0. 0. 0. 0. 0. 0. 0.</data></globfeat>
</opencv_storage>
