<?xml version="1.0"?>
<opencv_storage>
<globfeat type_id="opencv-matrix">
  <rows>1</rows>
  <cols>64</cols>
  <dt>f</dt>
  <data>
    1.83584194e+01 1.80434608e+01 3.50192595e+00 2.71719575e+00
    2.12357655e+01 2.81862335e+01 2.80794678e+01 0. 2.28265781e+01
    3.05350876e+00 0. 0. 2.09208050e+01 0. 0. 0. 6.13370895e+00 0. 0. 0.
    4.13718414e+00 0. 0. 0. 4.58026314e+00 0. 0. 0. 0. 0. 0. 0.
    1.09168272e+01 0. 0. 0. 2.38889008e+01 1.12478018e+01 9.12315750e+00
    0. 1.36286850e+01 0. 0. 0. 4.42011404e+00 0. 0. 0. 0. 0. 0. 0. 0. 0.
    0. 0. 0. 0. 0. 0. 0. 0. 0. 0.</data></globfeat>
</opencv_storage>
