<?xml version="1.0"?>
<opencv_storage>
<globfeat type_id="opencv-matrix">
  <rows>1</rows>
  <cols>64</cols>
  <dt>f</dt>
  <data>
    1.13894062e+01 1.11546831e+01 0. 3.51017785e+00 1.83670845e+01
    1.80363388e+01 5.20125103e+00 0. 2.60382633e+01 0. 0. 0.
    1.37366381e+01 0. 0. 0. 2.69931602e+00 0. 0. 0. 2.82734680e+00 0. 0.
    0. 0. 0. 0. 0. 0. 0. 0. 0. 1.75402203e+01 0. 0. 0. 2.45178986e+01
    1.86071434e+01 2.78146915e+01 7.18039417e+00 2.81614418e+01
    1.15334415e+01 0. 0. 6.68427467e+00 0. 0. 0. 0. 0. 0. 0. 0. 0. 0. 0.
    0. 0. 0. 0. 0. 0. 0. 0.</data></globfeat>
</opencv_storage>
