<?xml version="1.0"?>
<opencv_storage>
<globfeat type_id="opencv-matrix">
  <rows>1</rows>
  <cols>64</cols>
  <dt>f</dt>
  <data>
    8.08746815e+00 3.10196972e+00 0. 0. 1.11043062e+01 1.32379084e+01
    1.15033588e+01 7.34256983e+00 1.95748653e+01 0. 0. 0. 0. 0. 0. 0. 0.
    0. 0. 0. 0. 0. 0. 0. 0. 0. 0. 0. 0. 0. 0. 0. 2.02878399e+01 0. 0. 0.
    1.66271954e+01 1.92449818e+01 1.55630550e+01 4.87908459e+00
    5.59950752e+01 4.33637285e+00 0. 0. 1.46053286e+01 0. 0. 0.
    1.55311308e+01 3.26691151e+00 0. 2.87850022e+00 4.58112478e+00
    3.25094938e+00 0. 0. 0. 0. 0. 0. 0. 0. 0. 0.</data></globfeat>
</opencv_storage>
