<?xml version="1.0"?>
<opencv_storage>
<globfeat type_id="opencv-matrix">
  <rows>1</rows>
  <cols>64</cols>
  <dt>f</dt>
  <data>
    1.75147514e+01 6.18913317e+00 3.50515461e+00 0. 1.35025606e+01
    1.87437592e+01 2.13120022e+01 9.22032070e+00 1.30837059e+01 0. 0. 0.
    9.07702732e+00 0. 0. 0. 0. 0. 0. 0. 0. 0. 0. 0. 0. 0. 0. 0. 0. 0. 0.
    0. 1.63849449e+01 0. 0. 0. 3.72505341e+01 2.41943855e+01
    1.04768848e+01 0. 8.85106659e+00 0. 0. 0. 5.18608570e+00 0. 0. 0.
    1.56684818e+01 1.60267124e+01 0. 0. 3.45555329e+00 5.35693455e+00 0.
    0. 0. 0. 0. 0. 0. 0. 0. 0.</data></globfeat>
</opencv_storage>
