<?xml version="1.0"?>
<opencv_storage>
<globfeat type_id="opencv-matrix">
  <rows>1</rows>
  <cols>64</cols>
  <dt>f</dt>
  <data>
    1.16913757e+01 5.02231312e+00 0. 0. 1.41314106e+01 2.02533798e+01
    2.21134968e+01 1.02087536e+01 1.18226776e+01 0. 0. 0. 9.01609135e+00
    0. 0. 0. 0. 0. 0. 0. 0. 0. 0. 0. 0. 0. 0. 0. 0. 0. 0. 0.
    3.80721970e+01 0. 3.46856904e+00 0. 2.59869137e+01 6.82771969e+00 0.
    0. 1.67465134e+01 0. 0. 0. 7.65930080e+00 0. 0. 0. 2.21408501e+01
    1.87817001e+01 0. 0. 7.40216732e+00 3.65458059e+00 0. 0. 0. 0. 0. 0.
    0. 0. 0. 0.</data></globfeat>
</opencv_storage>
