<?xml version="1.0"?>
<opencv_storage>
<globfeat type_id="opencv-matrix">
  <rows>1</rows>
  <cols>64</cols>
  <dt>f</dt>
  <data>
    1.59804173e+01 1.48103151e+01 4.75182581e+00 2.90602994e+00
    1.41181412e+01 2.16826077e+01 1.41181412e+01 0. 1.47773542e+01 0. 0.
    0. 4.85070753e+00 0. 0. 0. 6.49324608e+00 0. 0. 0. 0. 0. 0. 0. 0. 0.
    0. 0. 0. 0. 0. 0. 2.14463902e+01 8.16874599e+00 0. 0. 3.61852913e+01
    3.24222832e+01 1.85733204e+01 0. 1.42115297e+01 0. 0. 0.
    6.61410189e+00 0. 0. 0. 2.88954949e+00 0. 0. 0. 0. 0. 0. 0. 0. 0. 0.
    0. 0. 0. 0. 0.</data></globfeat>
</opencv_storage>
