<?xml version="1.0"?>
<opencv_storage>
<globfeat type_id="opencv-matrix">
  <rows>1</rows>
  <cols>64</cols>
  <dt>f</dt>
  <data>
    1.91557808e+01 7.71727896e+00 0. 0. 9.84997463e+00 1.37745733e+01
    1.53466120e+01 5.37021494e+00 1.84412193e+01 0. 0. 0. 9.49818993e+00
    0. 0. 0. 0. 0. 0. 0. 0. 0. 0. 0. 0. 0. 0. 0. 0. 0. 0. 0.
    1.30380239e+01 0. 0. 0. 3.30073090e+01 1.93756466e+01 1.68746777e+01
    0. 1.90293579e+01 0. 0. 0. 1.42582779e+01 0. 0. 0. 1.70230865e+01
    1.25818033e+01 0. 0. 4.51273918e+00 6.14524078e+00 0. 0. 0. 0. 0. 0.
    0. 0. 0. 0.</data></globfeat>
</opencv_storage>
