<?xml version="1.0"?>
<opencv_storage>
<globfeat type_id="opencv-matrix">
  <rows>1</rows>
  <cols>64</cols>
  <dt>f</dt>
  <data>
    5.82483196e+00 4.50539494e+00 0. 3.29859281e+00 1.40954494e+01
    1.49965286e+01 7.78253317e+00 8.24916363e+00 2.02152786e+01 0. 0. 0.
    0. 0. 0. 0. 0. 0. 0. 0. 0. 0. 0. 0. 0. 0. 0. 0. 0. 0. 0. 0.
    2.12504463e+01 0. 0. 0. 2.22641602e+01 3.25675697e+01 1.40042696e+01
    8.45834255e+00 5.10611420e+01 3.18595791e+00 0. 0. 8.44225216e+00 0.
    0. 0. 1.18642063e+01 0. 0. 0. 2.93387032e+00 0. 0. 0. 0. 0. 0. 0. 0.
    0. 0. 0.</data></globfeat>
</opencv_storage>
