<?xml version="1.0"?>
<opencv_storage>
<globfeat type_id="opencv-matrix">
  <rows>1</rows>
  <cols>64</cols>
  <dt>f</dt>
  <data>
    2.11889133e+01 5.56476498e+00 2.76633024e+00 0. 1.04232330e+01
    1.38263006e+01 1.50569696e+01 4.54812527e+00 2.27513275e+01 0. 0. 0.
    7.98329735e+00 0. 0. 0. 3.14088178e+00 0. 0. 0. 0. 0. 0. 0.
    3.20509052e+00 0. 0. 0. 0. 0. 0. 0. 1.52656488e+01 0. 0. 0.
    3.50419655e+01 1.78661060e+01 1.51211786e+01 0. 1.67799072e+01 0. 0.
    0. 7.22884369e+00 0. 0. 0. 1.63411465e+01 1.03750763e+01 0. 0.
    5.62897396e+00 4.89592314e+00 0. 0. 0. 0. 0. 0. 0. 0. 0. 0.</data></globfeat>
</opencv_storage>
