<?xml version="1.0"?>
<opencv_storage>
<globfeat type_id="opencv-matrix">
  <rows>1</rows>
  <cols>64</cols>
  <dt>f</dt>
  <data>
    6.27459002e+00 4.50028467e+00 9.67265415e+00 7.25852346e+00 0.
    2.52381554e+01 2.97653236e+01 3.04857993e+00 0. 3.90884924e+00
    4.50566101e+00 0. 0. 0. 0. 0. 0. 0. 0. 0. 0. 0. 0. 0. 0. 0. 0. 0. 0.
    0. 0. 0. 1.36567774e+01 3.21525693e+00 0. 0. 3.56689224e+01
    2.05765705e+01 4.01100616e+01 0. 2.07701302e+01 1.16028843e+01 0. 0.
    5.39281416e+00 0. 0. 0. 6.34448719e+00 3.48946786e+00 0. 0. 0. 0. 0.
    0. 0. 0. 0. 0. 0. 0. 0. 0.</data></globfeat>
</opencv_storage>
