<?xml version="1.0"?>
<opencv_storage>
<globfeat type_id="opencv-matrix">
  <rows>1</rows>
  <cols>64</cols>
  <dt>f</dt>
  <data>
    8.27246380e+00 5.89998388e+00 9.35985088e+00 4.83340836e+00
    3.37141919e+00 2.86778755e+01 3.17215176e+01 3.37662196e+00
    3.47547531e+00 7.55447626e+00 3.69919610e+00 0. 2.68985152e+00 0. 0.
    0. 0. 0. 0. 0. 0. 0. 0. 0. 0. 0. 0. 0. 0. 0. 0. 0. 1.19456463e+01
    3.72000742e+00 0. 0. 3.86724663e+01 1.99527664e+01 5.69707441e+00 0.
    3.66225624e+01 6.11850166e+00 0. 0. 6.38904762e+00 0. 0. 0.
    6.50350952e+00 3.56392312e+00 0. 0. 0. 2.88235545e+00 0. 0. 0. 0. 0.
    0. 0. 0. 0. 0.</data></globfeat>
</opencv_storage>
