<?xml version="1.0"?>
<opencv_storage>
<globfeat type_id="opencv-matrix">
  <rows>1</rows>
  <cols>64</cols>
  <dt>f</dt>
  <data>
    3.72836518e+00 1.16206026e+01 1.13497391e+01 4.59937954e+00
    2.78830743e+00 2.55621395e+01 3.14839725e+01 7.72759485e+00 0.
    3.93549657e+00 4.79057741e+00 0. 0. 0. 0. 0. 0. 0. 0. 0. 0. 0. 0. 0.
    0. 0. 0. 0. 0. 0. 0. 0. 9.41651249e+00 0. 0. 0. 4.19786301e+01
    2.20887051e+01 1.75902367e+01 0. 3.49042969e+01 7.91879272e+00 0. 0.
    1.06061897e+01 0. 0. 0. 0. 2.91046166e+00 0. 0. 0. 0. 0. 0. 0. 0. 0.
    0. 0. 0. 0. 0.</data></globfeat>
</opencv_storage>
