<?xml version="1.0"?>
<opencv_storage>
<globfeat type_id="opencv-matrix">
  <rows>1</rows>
  <cols>64</cols>
  <dt>f</dt>
  <data>
    1.82417088e+01 1.24938698e+01 9.59801292e+00 0. 1.48741770e+01
    3.02255135e+01 2.58213959e+01 0. 4.38766289e+00 0. 0. 0.
    4.40960121e+00 0. 0. 0. 4.91966724e+00 0. 0. 0. 0. 0. 0. 0. 0. 0. 0.
    0. 0. 0. 0. 0. 2.05945930e+01 6.34565735e+00 3.72402883e+00 0.
    3.34449615e+01 1.93495941e+01 9.99290276e+00 0. 2.53497219e+01 0. 0.
    0. 8.30913639e+00 0. 0. 0. 2.91779590e+00 0. 0. 0. 0. 0. 0. 0. 0. 0.
    0. 0. 0. 0. 0. 0.</data></globfeat>
</opencv_storage>
