<?xml version="1.0"?>
<opencv_storage>
<globfeat type_id="opencv-matrix">
  <rows>1</rows>
  <cols>64</cols>
  <dt>f</dt>
  <data>
    6.18080044e+00 0. 0. 5.59576416e+00 1.07256660e+01 1.66952019e+01
    1.94578743e+01 8.56969833e+00 1.09477625e+01 3.17436361e+00 0. 0.
    9.30641079e+00 0. 0. 0. 0. 0. 0. 0. 0. 0. 0. 0. 0. 0. 0. 0. 0. 0. 0.
    0. 0. 3.62397480e+00 2.79517341e+00 0. 5.11960945e+01 3.90186729e+01
    1.03031397e+01 0. 3.93924446e+01 4.42027426e+00 0. 0. 1.01839657e+01
    0. 0. 0. 3.41271186e+00 0. 0. 0. 0. 0. 0. 0. 0. 0. 0. 0. 0. 0. 0. 0.</data></globfeat>
</opencv_storage>
