<?xml version="1.0"?>
<opencv_storage>
<globfeat type_id="opencv-matrix">
  <rows>1</rows>
  <cols>64</cols>
  <dt>f</dt>
  <data>
    1.51940413e+01 0. 0. 0. 7.10277033e+00 7.13053703e+00 1.40500460e+01
    1.28449631e+01 1.69933357e+01 0. 0. 0. 0. 0. 0. 0. 3.44309425e+00 0.
    0. 0. 0. 0. 0. 0. 0. 0. 0. 0. 0. 0. 0. 0. 1.36835232e+01 0. 0. 0.
    7.09943848e+01 4.17725067e+01 1.06791458e+01 4.80922508e+00
    1.59326410e+01 0. 0. 0. 4.84809875e+00 0. 0. 0. 4.85365200e+00 0. 0.
    0. 3.89847112e+00 3.34868670e+00 3.42088079e+00 0. 0. 0. 0. 0. 0. 0.
    0. 0.</data></globfeat>
</opencv_storage>
