<?xml version="1.0"?>
<opencv_storage>
<globfeat type_id="opencv-matrix">
  <rows>1</rows>
  <cols>64</cols>
  <dt>f</dt>
  <data>
    1.94381771e+01 1.35409040e+01 4.08191109e+00 0. 1.62055588e+01
    3.15671329e+01 3.15830574e+01 0. 1.45600548e+01 3.64664865e+00 0. 0.
    1.31321821e+01 0. 0. 0. 4.16684008e+00 0. 0. 0. 4.88343048e+00 0. 0.
    0. 3.98636556e+00 0. 0. 0. 5.27092028e+00 0. 0. 0. 9.65539169e+00 0.
    0. 0. 2.01176109e+01 1.32171106e+01 6.60324764e+00 0. 2.25380936e+01
    0. 0. 0. 9.55453777e+00 0. 0. 0. 3.43432570e+00 0. 0. 0.
    3.81650710e+00 0. 0. 0. 0. 0. 0. 0. 0. 0. 0. 0.</data></globfeat>
</opencv_storage>
