<?xml version="1.0"?>
<opencv_storage>
<globfeat type_id="opencv-matrix">
  <rows>1</rows>
  <cols>64</cols>
  <dt>f</dt>
  <data>
    1.16954756e+01 3.43692517e+00 2.98455310e+00 0. 6.26149321e+00
    2.62596531e+01 1.13368883e+01 1.11051855e+01 3.33762407e+00 0. 0. 0.
    0. 0. 0. 0. 0. 0. 0. 0. 0. 0. 0. 0. 0. 0. 0. 0. 0. 0. 0. 0.
    2.05112171e+01 0. 0. 0. 4.07190132e+01 3.41651344e+01 1.26498709e+01
    1.13699884e+01 2.26241264e+01 4.21478462e+00 0. 0. 3.68517828e+00 0.
    0. 0. 1.88175793e+01 9.82530308e+00 0. 0. 0. 0. 0. 0. 0. 0. 0. 0. 0.
    0. 0. 0.</data></globfeat>
</opencv_storage>
