<?xml version="1.0"?>
<opencv_storage>
<globfeat type_id="opencv-matrix">
  <rows>1</rows>
  <cols>64</cols>
  <dt>f</dt>
  <data>
    5.29506445e+00 4.88197422e+00 9.93562222e+00 6.64163113e+00 0.
    2.68615875e+01 3.11266098e+01 5.25751066e+00 0. 4.79077244e+00
    4.02896976e+00 0. 0. 0. 0. 0. 0. 0. 0. 0. 0. 0. 0. 0. 0. 0. 0. 0. 0.
    0. 0. 0. 1.43884115e+01 2.81652355e+00 0. 0. 3.74195290e+01
    2.02145920e+01 3.15665226e+01 0. 2.31384125e+01 1.21834764e+01 0. 0.
    5.15557957e+00 0. 0. 0. 5.74034357e+00 3.55686688e+00 0. 0. 0. 0. 0.
    0. 0. 0. 0. 0. 0. 0. 0. 0.</data></globfeat>
</opencv_storage>
