<?xml version="1.0"?>
<opencv_storage>
<globfeat type_id="opencv-matrix">
  <rows>1</rows>
  <cols>64</cols>
  <dt>f</dt>
  <data>
    3.04830313e+00 0. 0. 0. 2.08093891e+01 6.42571497e+00 0.
    2.73537993e+00 1.53710003e+01 0. 0. 0. 4.04102468e+00 0. 0. 0. 0. 0.
    0. 0. 0. 0. 0. 0. 0. 0. 0. 0. 0. 0. 0. 0. 1.88940830e+01
    1.41193085e+01 3.52847815e+00 4.51580477e+00 8.54388123e+01
    3.07366066e+01 1.99245720e+01 4.29999542e+00 8.73487186e+00
    3.60401130e+00 0. 0. 0. 0. 0. 0. 0. 3.45834017e+00 0. 5.31429815e+00
    0. 0. 0. 0. 0. 0. 0. 0. 0. 0. 0. 0.</data></globfeat>
</opencv_storage>
