<?xml version="1.0"?>
<opencv_storage>
<globfeat type_id="opencv-matrix">
  <rows>1</rows>
  <cols>64</cols>
  <dt>f</dt>
  <data>
    1.82550449e+01 1.39268074e+01 0. 0. 1.79858761e+01 2.88441563e+01
    2.64108677e+01 0. 1.87126331e+01 3.16542816e+00 0. 0. 2.32777405e+01
    0. 0. 0. 6.93379498e+00 0. 0. 0. 5.20034599e+00 0. 0. 0.
    5.14651251e+00 0. 0. 0. 6.09937096e+00 0. 0. 0. 1.10843821e+01 0. 0.
    0. 1.63708630e+01 1.22579584e+01 9.44245052e+00 0. 2.44459343e+01 0.
    0. 0. 7.43983269e+00 0. 0. 0. 0. 0. 0. 0. 0. 0. 0. 0. 0. 0. 0. 0. 0.
    0. 0. 0.</data></globfeat>
</opencv_storage>
