<?xml version="1.0"?>
<opencv_storage>
<globfeat type_id="opencv-matrix">
  <rows>1</rows>
  <cols>64</cols>
  <dt>f</dt>
  <data>
    1.22890253e+01 1.22727556e+01 4.21384525e+00 5.51541901e+00
    6.26924706e+00 1.82003403e+01 2.24521484e+01 1.17846661e+01 0. 0. 0.
    0. 0. 0. 0. 0. 3.30816674e+00 0. 0. 0. 0. 0. 0. 0. 0. 0. 0. 0. 0. 0.
    0. 0. 2.35042534e+01 5.84081221e+00 0. 0. 4.19377899e+01
    1.90409393e+01 1.30537004e+01 3.79625678e+00 4.20571022e+01 0. 0. 0.
    3.31901312e+00 0. 0. 0. 3.02073574e+00 3.12377715e+00 0. 0. 0. 0. 0.
    0. 0. 0. 0. 0. 0. 0. 0. 0.</data></globfeat>
</opencv_storage>
