<?xml version="1.0"?>
<opencv_storage>
<globfeat type_id="opencv-matrix">
  <rows>1</rows>
  <cols>64</cols>
  <dt>f</dt>
  <data>
    2.22800293e+01 1.52042599e+01 4.25803089e+00 0. 1.53194838e+01
    3.25663414e+01 2.88582420e+01 0. 1.59165506e+01 3.59287715e+00
    2.64490223e+00 0. 2.20443439e+01 0. 0. 0. 5.11696959e+00 0. 0. 0.
    4.69797516e+00 0. 0. 0. 4.38896656e+00 0. 0. 0. 5.51501417e+00 0. 0.
    0. 1.14699726e+01 0. 0. 0. 1.37482548e+01 1.06424580e+01
    7.74615955e+00 0. 1.53875704e+01 0. 0. 0. 6.87150860e+00 0. 0. 0.
    3.05342197e+00 0. 0. 0. 3.67667603e+00 0. 0. 0. 0. 0. 0. 0. 0. 0. 0.
    0.</data></globfeat>
</opencv_storage>
