<?xml version="1.0"?>
<opencv_storage>
<globfeat type_id="opencv-matrix">
  <rows>1</rows>
  <cols>64</cols>
  <dt>f</dt>
  <data>
    5.45889187e+00 6.30840254e+00 1.07919302e+01 5.84694004e+00
    3.03621364e+00 2.73154354e+01 3.17517681e+01 6.14584160e+00
    2.90511632e+00 5.38023329e+00 4.57267427e+00 0. 0. 0. 0. 0. 0. 0. 0.
    0. 0. 0. 0. 0. 0. 0. 0. 0. 0. 0. 0. 0. 1.29157066e+01 0. 0. 0.
    4.12117500e+01 2.17516651e+01 2.11119099e+01 0. 2.69221439e+01
    8.43217850e+00 0. 0. 5.43791628e+00 0. 0. 0. 4.46779633e+00
    3.23548150e+00 0. 0. 0. 0. 0. 0. 0. 0. 0. 0. 0. 0. 0. 0.</data></globfeat>
</opencv_storage>
