<?xml version="1.0"?>
<opencv_storage>
<globfeat type_id="opencv-matrix">
  <rows>1</rows>
  <cols>64</cols>
  <dt>f</dt>
  <data>
    1.47256355e+01 6.03794479e+00 6.18454981e+00 6.02165556e+00
    6.84155655e+00 1.40306206e+01 9.92568684e+00 3.65425992e+00 0. 0. 0.
    0. 0. 0. 0. 0. 0. 0. 0. 0. 0. 0. 0. 0. 0. 0. 0. 0. 0. 0. 0. 0.
    1.30804043e+01 1.39817524e+01 5.32664013e+00 0. 4.47090263e+01
    5.41677513e+01 2.89680176e+01 7.76462364e+00 1.00505724e+01 0. 0. 0.
    0. 0. 0. 0. 5.79360390e+00 0. 0. 3.73570704e+00 0. 0. 0. 0. 0. 0. 0.
    0. 0. 0. 0. 0.</data></globfeat>
</opencv_storage>
