<?xml version="1.0"?>
<opencv_storage>
<globfeat type_id="opencv-matrix">
  <rows>1</rows>
  <cols>64</cols>
  <dt>f</dt>
  <data>
    1.15878401e+01 8.96486378e+00 1.03776350e+01 4.94989300e+00
    5.53681660e+00 2.57311344e+01 3.34078827e+01 4.38374567e+00
    2.96058655e+00 6.34708214e+00 3.43324161e+00 0. 2.76840830e+00 0. 0.
    0. 0. 0. 0. 0. 0. 0. 0. 0. 0. 0. 0. 0. 0. 0. 0. 0. 1.44029942e+01
    2.77360225e+00 0. 0. 3.94796829e+01 1.90724106e+01 3.99938893e+00 0.
    3.50699654e+01 5.90039730e+00 0. 0. 5.77054691e+00 0. 0. 0.
    5.07974339e+00 3.00213861e+00 0. 0. 0. 0. 0. 0. 0. 0. 0. 0. 0. 0. 0.
    0.</data></globfeat>
</opencv_storage>
