<?xml version="1.0"?>
<opencv_storage>
<globfeat type_id="opencv-matrix">
  <rows>1</rows>
  <cols>64</cols>
  <dt>f</dt>
  <data>
    1.24318867e+01 4.44383049e+00 3.77725601e+00 0. 1.74339066e+01
    1.86044750e+01 1.41064520e+01 8.55708313e+00 8.96895027e+00 0. 0. 0.
    0. 0. 0. 0. 0. 0. 0. 0. 0. 0. 0. 0. 0. 0. 0. 0. 0. 0. 0. 0.
    2.43326817e+01 0. 0. 0. 3.08900414e+01 3.65315399e+01 1.11854467e+01
    3.75557876e+00 2.16609650e+01 0. 0. 0. 1.01395206e+01 0. 0. 0.
    1.22964039e+01 7.14264488e+00 0. 0. 5.67943239e+00 3.06190753e+00 0.
    0. 0. 0. 0. 0. 0. 0. 0. 0.</data></globfeat>
</opencv_storage>
