<?xml version="1.0"?>
<opencv_storage>
<globfeat type_id="opencv-matrix">
  <rows>1</rows>
  <cols>64</cols>
  <dt>f</dt>
  <data>
    7.56807518e+00 3.02507710e+00 0. 0. 1.23802090e+01 1.51684465e+01
    1.66002445e+01 3.33727360e+00 1.64979744e+01 2.96048474e+00 0. 0.
    1.01463881e+01 0. 0. 0. 0. 0. 0. 0. 0. 0. 0. 0. 0. 0. 0. 0. 0. 0. 0.
    0. 4.22541904e+00 0. 0. 0. 4.05048141e+01 3.32543182e+01
    1.45279055e+01 2.98201537e+00 4.73031616e+01 0. 0. 0. 1.12336941e+01
    0. 0. 0. 7.65419865e+00 0. 0. 0. 5.63030338e+00 0. 0. 0. 0. 0. 0. 0.
    0. 0. 0. 0.</data></globfeat>
</opencv_storage>
