<?xml version="1.0"?>
<opencv_storage>
<globfeat type_id="opencv-matrix">
  <rows>1</rows>
  <cols>64</cols>
  <dt>f</dt>
  <data>
    3.85563254e+00 0. 0. 4.49823809e+00 0. 1.08752794e+01 7.47709513e+00
    8.35387039e+00 2.76102495e+00 0. 0. 0. 1.16867056e+01 0. 0. 0. 0. 0.
    0. 0. 0. 0. 0. 0. 0. 0. 0. 0. 0. 0. 0. 0. 0. 0. 0. 0. 1.19481039e+01
    3.01098766e+01 2.73270683e+01 3.09866500e+00 7.08064041e+01
    4.99380636e+00 0. 0. 4.34357681e+01 0. 0. 0. 2.82637477e+00
    2.86994123e+00 3.54522133e+00 0. 0. 4.53091288e+00 0. 0. 0. 0. 0. 0.
    0. 0. 0. 0.</data></globfeat>
</opencv_storage>
