<?xml version="1.0"?>
<opencv_storage>
<globfeat type_id="opencv-matrix">
  <rows>1</rows>
  <cols>64</cols>
  <dt>f</dt>
  <data>
    5.71202517e+00 9.23192406e+00 0. 0. 1.06065588e+01 2.03747997e+01
    1.35953493e+01 0. 3.20748186e+00 3.18144703e+00 0. 0. 0. 0. 0. 0. 0.
    0. 0. 0. 0. 0. 0. 0. 0. 0. 0. 0. 0. 0. 0. 0. 2.52016430e+01
    4.60815144e+00 0. 0. 4.55764427e+01 3.51365051e+01 1.26997538e+01
    1.96874809e+01 2.49152603e+01 5.81616402e+00 0. 0. 4.58732367e+00 0.
    0. 0. 4.01976633e+00 6.84193373e+00 0. 0. 0. 0. 0. 0. 0. 0. 0. 0. 0.
    0. 0. 0.</data></globfeat>
</opencv_storage>
