<?xml version="1.0"?>
<opencv_storage>
<globfeat type_id="opencv-matrix">
  <rows>1</rows>
  <cols>64</cols>
  <dt>f</dt>
  <data>
    9.61684036e+00 1.56604996e+01 0. 3.50426197e+00 1.28295221e+01
    2.60089397e+01 9.90842056e+00 4.91975069e+00 6.23451185e+00 0. 0. 0.
    0. 0. 0. 0. 0. 0. 0. 0. 0. 0. 0. 0. 0. 0. 0. 0. 0. 0. 0. 0.
    1.30521832e+01 1.37890854e+01 5.67785883e+00 0. 4.37900238e+01
    2.55636177e+01 1.49129944e+01 4.86673594e+00 3.22646599e+01 0. 0. 0.
    8.84282780e+00 0. 0. 0. 3.55727673e+00 0. 0. 0. 0. 0. 0. 0. 0. 0. 0.
    0. 0. 0. 0. 0.</data></globfeat>
</opencv_storage>
