<?xml version="1.0"?>
<opencv_storage>
<globfeat type_id="opencv-matrix">
  <rows>1</rows>
  <cols>64</cols>
  <dt>f</dt>
  <data>
    8.75155067e+00 2.80813003e+00 0. 3.46790409e+00 1.11234665e+01
    3.15601082e+01 1.40951767e+01 9.90751839e+00 4.68385172e+00 0. 0. 0.
    0. 0. 0. 0. 0. 0. 0. 0. 0. 0. 0. 0. 0. 0. 0. 0. 0. 0. 0. 0.
    1.74812908e+01 0. 0. 0. 3.42864494e+01 4.15276070e+01 1.17886934e+01
    6.10154819e+00 1.97332478e+01 0. 0. 0. 1.47658558e+01 0. 0. 0.
    1.05291243e+01 6.35782433e+00 0. 0. 3.21162820e+00 2.81903529e+00 0.
    0. 0. 0. 0. 0. 0. 0. 0. 0.</data></globfeat>
</opencv_storage>
