<?xml version="1.0"?>
<opencv_storage>
<globfeat type_id="opencv-matrix">
  <rows>1</rows>
  <cols>64</cols>
  <dt>f</dt>
  <data>
    1.20159512e+01 1.38840637e+01 1.10689573e+01 4.91608667e+00
    4.48140144e+00 3.16906471e+01 3.48628197e+01 3.97944283e+00
    2.62363791e+00 6.60825586e+00 4.16056204e+00 0. 3.39986205e+00 0. 0.
    0. 0. 0. 0. 0. 0. 0. 0. 0. 0. 0. 0. 0. 0. 0. 0. 0. 1.15295172e+01 0.
    0. 0. 3.82833786e+01 1.47068615e+01 4.05706549e+00 0. 3.31189003e+01
    6.07007360e+00 0. 0. 5.87343025e+00 0. 0. 0. 4.74014282e+00
    2.92895269e+00 0. 0. 0. 0. 0. 0. 0. 0. 0. 0. 0. 0. 0. 0.</data></globfeat>
</opencv_storage>
