<?xml version="1.0"?>
<opencv_storage>
<globfeat type_id="opencv-matrix">
  <rows>1</rows>
  <cols>64</cols>
  <dt>f</dt>
  <data>
    1.65664101e+01 4.01755428e+00 0. 0. 1.11189690e+01 2.48149338e+01
    1.17218685e+01 6.33845234e+00 7.99242544e+00 0. 0. 0. 0. 0. 0. 0.
    3.12120748e+00 0. 0. 0. 0. 0. 0. 0. 0. 0. 0. 0. 0. 0. 0. 0.
    1.13537264e+01 0. 0. 0. 2.38812389e+01 3.29834290e+01 1.99223747e+01
    5.62350893e+00 2.02691746e+01 0. 0. 0. 1.51418581e+01 0. 0. 0.
    1.67851601e+01 1.07454910e+01 0. 0. 3.86816311e+00 5.13265228e+00
    3.60139346e+00 0. 0. 0. 0. 0. 0. 0. 0. 0.</data></globfeat>
</opencv_storage>
