<?xml version="1.0"?>
<opencv_storage>
<globfeat type_id="opencv-matrix">
  <rows>1</rows>
  <cols>64</cols>
  <dt>f</dt>
  <data>
    9.36324692e+00 0. 0. 4.89761543e+00 1.40880699e+01 1.30189095e+01
    2.26035480e+01 8.84486675e+00 1.35318909e+01 0. 0. 0. 1.46442490e+01
    0. 0. 0. 4.81121874e+00 0. 0. 0. 0. 0. 0. 0. 3.35327363e+00 0. 0. 0.
    0. 0. 0. 0. 1.21441431e+01 0. 0. 0. 3.62704353e+01 1.25437279e+01
    1.46064501e+01 6.22056580e+00 4.79609947e+01 2.75389624e+00 0. 0.
    8.82866764e+00 0. 0. 0. 0. 4.51422977e+00 0. 0. 0. 0. 0. 0. 0. 0. 0.
    0. 0. 0. 0. 0.</data></globfeat>
</opencv_storage>
