<?xml version="1.0"?>
<opencv_storage>
<globfeat type_id="opencv-matrix">
  <rows>1</rows>
  <cols>64</cols>
  <dt>f</dt>
  <data>
    1.60058060e+01 4.61384964e+00 0. 0. 1.06974554e+01 3.21300545e+01
    1.27917233e+01 8.04328060e+00 1.42830143e+01 3.35944247e+00 0. 0. 0.
    0. 0. 0. 2.97719836e+00 0. 0. 0. 0. 0. 0. 0. 0. 0. 0. 0. 0. 0. 0. 0.
    1.26678982e+01 0. 0. 0. 2.04958305e+01 1.93221779e+01 1.71040840e+01
    0. 2.30207958e+01 0. 0. 0. 1.40407467e+01 0. 0. 0. 2.36506901e+01
    1.19464788e+01 0. 0. 4.50079155e+00 3.34867501e+00 0. 0. 0. 0. 0. 0.
    0. 0. 0. 0.</data></globfeat>
</opencv_storage>
