<?xml version="1.0"?>
<opencv_storage>
<globfeat type_id="opencv-matrix">
  <rows>1</rows>
  <cols>64</cols>
  <dt>f</dt>
  <data>
    3.46977949e+00 6.54181623e+00 8.53576183e+00 5.03458214e+00
    2.67952800e+00 1.33714724e+01 2.35714722e+01 7.18553114e+00 0.
    3.03540277e+00 3.82042074e+00 0. 0. 0. 0. 0. 0. 0. 0. 0. 0. 0. 0. 0.
    0. 0. 0. 0. 0. 0. 0. 0. 8.93350410e+00 0. 0. 0. 4.17001534e+01
    1.89712677e+01 1.73331966e+01 0. 6.51826553e+01 8.49912834e+00 0. 0.
    1.14978962e+01 0. 0. 0. 5.63642883e+00 0. 0. 0. 0. 0. 0. 0. 0. 0. 0.
    0. 0. 0. 0. 0.</data></globfeat>
</opencv_storage>
