<?xml version="1.0"?>
<opencv_storage>
<globfeat type_id="opencv-matrix">
  <rows>1</rows>
  <cols>64</cols>
  <dt>f</dt>
  <data>
    6.73211746e+01 0. 0. 7.24837112e+00 0. 0. 0. 7.24837112e+00 0. 0. 0.
    9.78144550e+00 0. 0. 0. 0. 0. 0. 0. 3.41598749e+00 0. 0. 0. 0. 0. 0.
    0. 0. 0. 0. 0. 0. 0. 0. 0. 5.21651363e+00 4.65746403e+00
    6.01075029e+00 6.44642353e+00 1.50442247e+01 1.67753525e+01
    1.49208488e+01 1.03713388e+01 2.45673504e+01 3.43873520e+01
    1.14508839e+01 3.43526506e+00 0. 0. 0. 0. 3.49309778e+00 0. 0. 0. 0.
    3.20778966e+00 0. 0. 0. 0. 0. 0. 0.</data></globfeat>
</opencv_storage>
