<?xml version="1.0"?>
<opencv_storage>
<globfeat type_id="opencv-matrix">
  <rows>1</rows>
  <cols>64</cols>
  <dt>f</dt>
  <data>
    6.70639648e+01 0. 0. 3.76789403e+00 0. 0. 0. 2.10532036e+01 0.
    3.96500731e+00 9.06720638e+00 3.66213531e+01 3.78684735e+00 0. 0. 0.
    0. 0. 0. 0. 0. 0. 0. 0. 0. 0. 0. 0. 0. 0. 0. 0. 3.04767299e+00 0. 0.
    0. 4.68901920e+00 3.10453248e+00 0. 0. 1.30663290e+01 5.61393499e+00
    4.62078762e+00 7.20979357e+00 3.66440964e+01 1.46167002e+01 0. 0. 0.
    0. 0. 0. 0. 0. 0. 0. 5.60256290e+00 0. 0. 0. 1.14590988e+01 0. 0. 0.</data></globfeat>
</opencv_storage>
