<?xml version="1.0"?>
<opencv_storage>
<globfeat type_id="opencv-matrix">
  <rows>1</rows>
  <cols>64</cols>
  <dt>f</dt>
  <data>
    6.88880234e+01 0. 0. 3.21450329e+00 0. 2.90008116e+00 2.99995637e+00
    7.10223961e+00 6.99496603e+00 7.41296244e+00 1.07606325e+01
    2.96703453e+01 5.14172554e+00 0. 0. 0. 0. 0. 0. 0. 0. 0. 0. 0. 0. 0.
    0. 0. 0. 0. 0. 0. 0. 0. 0. 0. 2.81500220e+00 0. 0. 3.06284070e+00
    1.05904751e+01 8.00851536e+00 6.72493315e+00 1.34350700e+01
    2.80945358e+01 4.26874208e+00 0. 0. 0. 0. 0. 4.73852539e+00
    3.14052153e+00 2.99995637e+00 0. 0. 1.01058950e+01 0. 0. 0.
    1.19295435e+01 0. 0. 0.</data></globfeat>
</opencv_storage>
