<?xml version="1.0"?>
<opencv_storage>
<globfeat type_id="opencv-matrix">
  <rows>1</rows>
  <cols>64</cols>
  <dt>f</dt>
  <data>
    6.41138840e+01 0. 0. 0. 0. 0. 0. 4.21593904e+00 0. 5.18997908e+00
    1.06519547e+01 2.84713726e+01 0. 0. 0. 0. 0. 0. 0. 2.99930811e+00 0.
    0. 0. 0. 0. 0. 0. 0. 0. 0. 0. 0. 0. 0. 0. 3.05076671e+00 0. 0. 0.
    4.70479679e+00 2.00321426e+01 8.14517975e+00 8.28485298e+00
    1.74151001e+01 3.58998070e+01 6.16769457e+00 0. 2.96255183e+00 0. 0.
    0. 0. 4.86652422e+00 0. 0. 0. 1.08724918e+01 2.90006638e+00 0. 0.
    1.40555811e+01 0. 0. 0.</data></globfeat>
</opencv_storage>
