<?xml version="1.0"?>
<opencv_storage>
<globfeat type_id="opencv-matrix">
  <rows>1</rows>
  <cols>64</cols>
  <dt>f</dt>
  <data>
    4.48460045e+01 0. 0. 4.89049768e+00 0. 0. 0. 1.00804853e+01
    6.43375254e+00 8.82967377e+00 4.53815651e+00 6.86713266e+00
    3.60092831e+00 0. 0. 0. 0. 0. 0. 2.68836427e+00 0. 0. 0. 0. 0. 0. 0.
    0. 0. 0. 0. 0. 0. 0. 0. 3.59035826e+00 3.10765052e+00 3.11469746e+00
    3.93212938e+00 3.75243521e+00 1.15427017e+01 1.44037132e+01
    6.43727636e+00 9.28067112e+00 4.19885178e+01 1.64367237e+01
    5.36615849e+00 2.88215208e+00 0. 0. 0. 3.22039986e+00 8.74158859e+00
    0. 0. 0. 8.62531567e+00 4.42893076e+00 0. 2.77997303e+00
    8.59360504e+00 0. 0. 0.</data></globfeat>
</opencv_storage>
