<?xml version="1.0"?>
<opencv_storage>
<globfeat type_id="opencv-matrix">
  <rows>1</rows>
  <cols>64</cols>
  <dt>f</dt>
  <data>
    4.75624123e+01 0. 0. 9.74165535e+00 0. 0. 0. 1.60017948e+01 0.
    1.64154758e+01 1.58663406e+01 2.68160934e+01 0. 0. 0. 0. 0. 0. 0.
    7.72449923e+00 0. 0. 0. 0. 0. 0. 0. 0. 0. 0. 0. 0. 0. 0. 0.
    3.19962668e+00 0. 0. 0. 3.53642941e+00 1.12023544e+01 1.27692194e+01
    1.82312832e+01 1.14037037e+01 1.00821190e+01 0. 0. 0. 0. 0. 0.
    3.01658154e+00 0. 0. 5.15088654e+00 3.04952979e+00 7.24858189e+00
    1.09387693e+01 2.84818029e+00 0. 1.21944580e+01 0. 0. 0.</data></globfeat>
</opencv_storage>
