<?xml version="1.0"?>
<opencv_storage>
<globfeat type_id="opencv-matrix">
  <rows>1</rows>
  <cols>64</cols>
  <dt>f</dt>
  <data>
    4.95609131e+01 0. 0. 1.00459833e+01 0. 0. 0. 1.47726498e+01
    1.25838394e+01 3.06651554e+01 1.99901619e+01 2.75019245e+01 0. 0. 0.
    0. 0. 0. 0. 5.71926594e+00 0. 0. 0. 0. 0. 0. 0. 0. 0. 0. 0. 0. 0. 0.
    0. 5.30477381e+00 0. 0. 0. 4.97754288e+00 1.04677477e+01
    9.56968117e+00 6.59551716e+00 5.69381475e+00 4.19946098e+00 0. 0. 0.
    0. 0. 0. 3.13050747e+00 0. 3.46500993e+00 3.86859441e+00 0.
    9.51514244e+00 3.99585080e+00 0. 0. 1.33764648e+01 0. 0. 0.</data></globfeat>
</opencv_storage>
