<?xml version="1.0"?>
<opencv_storage>
<globfeat type_id="opencv-matrix">
  <rows>1</rows>
  <cols>64</cols>
  <dt>f</dt>
  <data>
    6.37764549e+01 0. 0. 1.00789165e+01 0. 0. 0. 6.04659414e+00 0.
    3.34452248e+00 0. 4.63320303e+00 0. 0. 0. 0. 0. 0. 0. 7.74719906e+00
    0. 0. 0. 0. 0. 0. 0. 0. 0. 0. 0. 0. 2.87591147e+00 0. 0.
    5.98612833e+00 2.93637729e+00 5.78583479e+00 3.76022577e+00
    7.90970135e+00 9.04721642e+00 7.30882072e+00 4.14191723e+00
    1.44173479e+01 4.45898552e+01 1.66886005e+01 1.10463724e+01
    8.58616352e+00 0. 0. 0. 4.39511824e+00 0. 0. 0. 0. 3.52592039e+00 0.
    0. 0. 6.37159872e+00 0. 0. 0.</data></globfeat>
</opencv_storage>
