<?xml version="1.0"?>
<opencv_storage>
<globfeat type_id="opencv-matrix">
  <rows>1</rows>
  <cols>64</cols>
  <dt>f</dt>
  <data>
    4.23534355e+01 0. 0. 6.90684509e+00 0. 0. 0. 1.26704884e+01
    7.94745207e+00 1.07798080e+01 9.21889782e+00 1.21685057e+01 0. 0. 0.
    0. 0. 0. 0. 7.54806423e+00 0. 0. 0. 0. 0. 0. 0. 0. 0. 0. 0. 0.
    6.96913528e+00 1.13624020e+01 7.00577641e+00 1.40078888e+01
    2.73379173e+01 2.25122852e+01 5.08578300e+00 9.62561417e+00
    3.60181904e+00 0. 0. 5.51081991e+00 2.10832825e+01 6.03845167e+00 0.
    0. 0. 0. 0. 5.26532459e+00 0. 0. 0. 0. 0. 0. 0. 0. 0. 0. 0. 0.</data></globfeat>
</opencv_storage>
