<?xml version="1.0"?>
<opencv_storage>
<globfeat type_id="opencv-matrix">
  <rows>1</rows>
  <cols>64</cols>
  <dt>f</dt>
  <data>
    6.74464493e+01 0. 0. 1.09738779e+01 0. 0. 0. 9.50655365e+00 0. 0. 0.
    9.39786243e+00 0. 0. 0. 0. 0. 0. 0. 7.81408405e+00 0. 0. 0. 0. 0. 0.
    0. 0. 0. 0. 0. 0. 0. 0. 0. 5.82659721e+00 0. 4.37091827e+00
    3.10544825e+00 9.50655365e+00 1.18938665e+01 1.44092798e+01
    1.19326849e+01 2.13111382e+01 3.25023956e+01 1.71614838e+01
    7.57729340e+00 5.79166079e+00 0. 0. 0. 4.47184563e+00 0. 0. 0. 0. 0.
    0. 0. 0. 0. 0. 0. 0.</data></globfeat>
</opencv_storage>
