<?xml version="1.0"?>
<opencv_storage>
<globfeat type_id="opencv-matrix">
  <rows>1</rows>
  <cols>64</cols>
  <dt>f</dt>
  <data>
    0. 1.00286970e+01 2.31734734e+01 2.54146729e+01 7.79829741e+00
    1.69089127e+01 7.08003330e+00 2.96486521e+00 4.14217043e+00
    6.40497303e+00 6.49138069e+00 0. 0. 0. 0. 0. 0. 0. 9.71546936e+00
    2.08188629e+01 0. 7.67408657e+00 5.63810444e+00 0. 0. 0. 0. 0. 0. 0.
    0. 0. 3.34289908e+00 4.06926384e+01 4.83397255e+01 8.37074852e+00 0.
    0. 0. 0. 0. 0. 0. 0. 0. 0. 0. 0. 0. 0. 0. 0. 0. 0. 0. 0. 0. 0. 0. 0.
    0. 0. 0. 0.</data></globfeat>
</opencv_storage>
