<?xml version="1.0"?>
<opencv_storage>
<globfeat type_id="opencv-matrix">
  <rows>1</rows>
  <cols>64</cols>
  <dt>f</dt>
  <data>
    0. 5.15259743e+01 7.68604660e+00 0. 3.54575825e+00 2.73162651e+00
    6.89869547e+00 1.30689573e+01 4.98655701e+00 0. 0. 0. 3.12262392e+00
    0. 0. 0. 0. 3.52433372e+00 0. 0. 0. 4.93835211e+00 4.19920588e+00 0.
    0. 5.57037544e+00 0. 0. 0. 0. 0. 0. 2.88695407e+00 2.20779686e+01
    3.82427711e+01 4.64912081e+00 1.77555714e+01 4.70643158e+01
    3.74929118e+00 0. 3.39578652e+00 0. 0. 0. 3.37971807e+00 0. 0. 0. 0.
    0. 0. 0. 0. 0. 0. 0. 0. 0. 0. 0. 0. 0. 0. 0.</data></globfeat>
</opencv_storage>
