<?xml version="1.0"?>
<opencv_storage>
<globfeat type_id="opencv-matrix">
  <rows>1</rows>
  <cols>64</cols>
  <dt>f</dt>
  <data>
    5.19464874e+00 1.66291790e+01 4.06800346e+01 4.13365889e+00
    8.37236595e+00 2.83630991e+00 5.60959053e+00 1.11036272e+01
    5.35747385e+00 0. 0. 0. 1.57520247e+01 0. 0. 0. 0. 6.07705641e+00
    3.17771745e+00 0. 0. 5.69362926e+00 0. 0. 0. 3.28276587e+00 0. 0. 0.
    0. 0. 0. 8.98690033e+00 8.72112732e+01 7.55824041e+00 0.
    5.36797905e+00 1.19755306e+01 0. 0. 0. 0. 0. 0. 0. 0. 0. 0. 0. 0. 0.
    0. 0. 0. 0. 0. 0. 0. 0. 0. 0. 0. 0. 0.</data></globfeat>
</opencv_storage>
