<?xml version="1.0"?>
<opencv_storage>
<globfeat type_id="opencv-matrix">
  <rows>1</rows>
  <cols>64</cols>
  <dt>f</dt>
  <data>
    6.06251049e+00 3.74024239e+01 1.64164009e+01 0. 3.03928161e+00
    4.12015295e+00 0. 0. 4.46795797e+00 0. 0. 0. 5.11005974e+00 0. 0. 0.
    0. 0. 0. 0. 0. 5.07795429e+00 3.65462899e+00 2.79849339e+00 0. 0. 0.
    0. 0. 0. 0. 0. 0. 4.73764076e+01 5.09240189e+01 1.13973055e+01
    8.24565601e+00 2.16762848e+01 4.47330856e+00 0. 2.87875605e+00 0. 0.
    0. 0. 0. 0. 0. 0. 0. 1.22962484e+01 7.58215141e+00 0. 0. 0. 0. 0. 0.
    0. 0. 0. 0. 0. 0.</data></globfeat>
</opencv_storage>
