<?xml version="1.0"?>
<opencv_storage>
<globfeat type_id="opencv-matrix">
  <rows>1</rows>
  <cols>64</cols>
  <dt>f</dt>
  <data>
    1.38882017e+01 4.87438736e+01 6.19506168e+00 6.70193052e+00
    7.85083294e+00 1.58931494e+01 1.13651228e+01 1.17311945e+01
    2.93420649e+00 0. 0. 0. 0. 0. 0. 0. 0. 0. 0. 0. 0. 0. 4.75893402e+00
    4.30838394e+00 0. 0. 0. 0. 0. 0. 0. 0. 0. 1.23450689e+01
    1.41247406e+01 5.18132448e+00 7.00605154e+00 5.38857727e+01
    2.47520885e+01 0. 3.33406949e+00 0. 0. 0. 0. 0. 0. 0. 0. 0. 0. 0. 0.
    0. 0. 0. 0. 0. 0. 0. 0. 0. 0. 0.</data></globfeat>
</opencv_storage>
