<?xml version="1.0"?>
<opencv_storage>
<globfeat type_id="opencv-matrix">
  <rows>1</rows>
  <cols>64</cols>
  <dt>f</dt>
  <data>
    6.55948544e+00 6.30600204e+01 3.59914246e+01 5.39657021e+00
    5.01607704e+00 4.07824230e+00 6.06645250e+00 6.40943193e+00
    6.92926073e+00 0. 0. 0. 3.56913185e+00 0. 0. 0. 0. 0. 0. 0. 0.
    4.96248674e+00 4.34083605e+00 6.44158649e+00 0. 0. 0. 0. 0. 0. 0. 0.
    0. 2.19453373e+01 3.89710617e+01 2.95819950e+00 3.02786708e+00
    2.09217587e+01 8.35476971e+00 0. 0. 0. 0. 0. 0. 0. 0. 0. 0. 0. 0. 0.
    0. 0. 0. 0. 0. 0. 0. 0. 0. 0. 0. 0.</data></globfeat>
</opencv_storage>
