<?xml version="1.0"?>
<opencv_storage>
<globfeat type_id="opencv-matrix">
  <rows>1</rows>
  <cols>64</cols>
  <dt>f</dt>
  <data>
    4.62114859e+00 2.09364166e+01 4.07801743e+01 3.56579995e+00
    9.82860279e+00 7.61130381e+00 8.02171707e+00 1.06067886e+01
    7.53135347e+00 0. 0. 0. 6.58793545e+00 5.68715763e+00 0. 0. 0.
    7.31815147e+00 2.99548507e+00 0. 0. 4.22139549e+00 3.43787885e+00 0.
    0. 0. 0. 0. 0. 0. 0. 0. 1.05854692e+01 8.00412827e+01 3.76834154e+00
    0. 5.88969946e+00 1.09639025e+01 0. 0. 0. 0. 0. 0. 0. 0. 0. 0. 0. 0.
    0. 0. 0. 0. 0. 0. 0. 0. 0. 0. 0. 0. 0. 0.</data></globfeat>
</opencv_storage>
