<?xml version="1.0"?>
<opencv_storage>
<globfeat type_id="opencv-matrix">
  <rows>1</rows>
  <cols>64</cols>
  <dt>f</dt>
  <data>
    1.89055653e+01 2.78240013e+01 1.62690926e+01 7.81719351e+00
    1.15711823e+01 4.44836855e+00 0. 0. 8.48444843e+00 0. 0. 0.
    6.20601654e+00 5.69065666e+00 0. 0. 5.36516619e+00 8.11555958e+00 0.
    0. 4.78470850e+00 4.72503519e+00 3.21692967e+00 0. 3.68889093e+00
    7.54052687e+00 0. 0. 0. 0. 0. 0. 5.91307497e+00 1.99308605e+01
    1.45928183e+01 1.22058887e+01 2.36848488e+01 1.98657627e+01
    5.28921843e+00 0. 5.94019938e+00 0. 0. 0. 0. 0. 0. 0. 0. 0. 0. 0. 0.
    0. 0. 0. 0. 0. 0. 0. 0. 2.92398834e+00 0. 0.</data></globfeat>
</opencv_storage>
