<?xml version="1.0"?>
<opencv_storage>
<globfeat type_id="opencv-matrix">
  <rows>1</rows>
  <cols>64</cols>
  <dt>f</dt>
  <data>
    1.89006443e+01 3.01129837e+01 1.68376617e+01 9.25879860e+00
    1.16884127e+01 6.91673851e+00 0. 0. 5.28605175e+00 0. 0. 0.
    6.90579414e+00 5.75118017e+00 0. 0. 2.90021467e+00 7.05901289e+00 0.
    0. 3.14645934e+00 4.44334793e+00 0. 0. 4.35579395e+00 7.14656687e+00
    0. 0. 4.54184580e+00 0. 0. 0. 5.59248924e+00 2.34424896e+01
    1.51084766e+01 6.60482836e+00 7.78133059e+00 4.27371254e+01
    8.48176003e+00 0. 0. 0. 0. 0. 0. 0. 0. 0. 0. 0. 0. 0. 0. 0. 0. 0. 0.
    0. 0. 0. 0. 0. 0. 0.</data></globfeat>
</opencv_storage>
