<?xml version="1.0"?>
<opencv_storage>
<globfeat type_id="opencv-matrix">
  <rows>1</rows>
  <cols>64</cols>
  <dt>f</dt>
  <data>
    1.00296688e+01 1.85948753e+01 0. 0. 9.75406933e+00 8.39768600e+00
    1.15157461e+01 1.43528023e+01 7.88431406e+00 0. 0. 0. 1.04187508e+01
    4.69600344e+00 0. 0. 0. 0. 0. 0. 3.45850658e+00 8.66788197e+00 0. 0.
    3.90703154e+00 6.05779028e+00 0. 0. 6.16046476e+00 0. 0. 0.
    3.04780889e+00 5.32880173e+01 2.41609097e+01 0. 1.28505135e+01
    3.77571640e+01 0. 0. 0. 0. 0. 0. 0. 0. 0. 0. 0. 0. 0. 0. 0. 0. 0. 0.
    0. 0. 0. 0. 0. 0. 0. 0.</data></globfeat>
</opencv_storage>
