<?xml version="1.0"?>
<opencv_storage>
<globfeat type_id="opencv-matrix">
  <rows>1</rows>
  <cols>64</cols>
  <dt>f</dt>
  <data>
    6.39981270e+00 1.35426540e+01 1.62869816e+01 1.08145990e+01
    7.31097221e+00 1.05217257e+01 1.66340885e+01 6.82827473e+00 0. 0. 0.
    0. 0. 0. 0. 0. 0. 0. 8.23297977e+00 7.12657118e+00 0. 5.75983143e+00
    4.99510813e+00 4.78901243e+00 0. 0. 0. 0. 0. 0. 0. 0. 3.84531116e+00
    4.78901253e+01 5.35740242e+01 2.76927490e+01 0. 2.75517368e+00 0. 0.
    0. 0. 0. 0. 0. 0. 0. 0. 0. 0. 0. 0. 0. 0. 0. 0. 0. 0. 0. 0. 0. 0. 0.
    0.</data></globfeat>
</opencv_storage>
