<?xml version="1.0"?>
<opencv_storage>
<globfeat type_id="opencv-matrix">
  <rows>1</rows>
  <cols>64</cols>
  <dt>f</dt>
  <data>
    6.03921938e+00 5.07884941e+01 1.07578630e+01 0. 4.77769375e+00
    4.42876101e+00 8.69647598e+00 1.54281921e+01 5.42187691e+00 0. 0. 0.
    0. 0. 0. 0. 0. 0. 0. 0. 0. 3.52690411e+00 5.43798161e+00 0.
    3.58595419e+00 5.82985973e+00 0. 0. 0. 0. 0. 0. 0. 1.53369331e+01
    6.19489717e+00 0. 7.37589979e+00 5.67096138e+01 2.64222565e+01 0.
    3.16723514e+00 3.38196278e+00 0. 0. 0. 0. 0. 0. 0. 1.16919289e+01 0.
    0. 0. 0. 0. 0. 0. 0. 0. 0. 0. 0. 0. 0.</data></globfeat>
</opencv_storage>
