<?xml version="1.0"?>
<opencv_storage>
<globfeat type_id="opencv-matrix">
  <rows>1</rows>
  <cols>64</cols>
  <dt>f</dt>
  <data>
    1.78314819e+01 5.32221260e+01 1.73957710e+01 6.54111481e+00
    9.00832939e+00 4.68934202e+00 8.95931149e+00 0. 0. 2.79399824e+00 0.
    0. 0. 0. 0. 0. 5.25576639e+00 1.31475859e+01 8.21860313e+00 0. 0. 0.
    5.82763767e+00 0. 0. 0. 0. 0. 0. 0. 0. 0. 2.89747953e+00
    3.85386581e+01 2.68561497e+01 6.36138391e+00 3.31140518e+00
    1.49176626e+01 9.22618484e+00 0. 0. 0. 0. 0. 0. 0. 0. 0. 0. 0. 0. 0.
    0. 0. 0. 0. 0. 0. 0. 0. 0. 0. 0. 0.</data></globfeat>
</opencv_storage>
