<?xml version="1.0"?>
<opencv_storage>
<globfeat type_id="opencv-matrix">
  <rows>1</rows>
  <cols>64</cols>
  <dt>f</dt>
  <data>
    1.23317871e+01 3.37321968e+01 1.70421886e+01 1.12752485e+01
    1.13908072e+01 6.52632761e+00 4.49579239e+00 0. 5.91551590e+00 0. 0.
    0. 4.64436769e+00 4.73241282e+00 0. 0. 0. 4.09959030e+00
    4.90299988e+00 0. 0. 0. 0. 0. 0. 0. 0. 0. 0. 0. 0. 0. 4.85347462e+00
    5.79170303e+01 5.29755096e+01 6.54283571e+00 3.71439385e+00
    7.90753174e+00 0. 0. 0. 0. 0. 0. 0. 0. 0. 0. 0. 0. 0. 0. 0. 0. 0. 0.
    0. 0. 0. 0. 0. 0. 0. 0.</data></globfeat>
</opencv_storage>
