<?xml version="1.0"?>
<opencv_storage>
<globfeat type_id="opencv-matrix">
  <rows>1</rows>
  <cols>64</cols>
  <dt>f</dt>
  <data>
    1.10027704e+01 2.25394993e+01 2.92220631e+01 5.64161634e+00
    8.69973946e+00 6.76886129e+00 0. 0. 6.30501890e+00 0. 0. 0.
    5.81420898e+00 3.97502041e+00 0. 0. 3.46802998e+00 0. 0. 0.
    3.17678022e+00 5.57689428e+00 0. 0. 0. 0. 0. 0. 4.66539049e+00 0. 0.
    0. 1.07924232e+01 3.73716660e+01 4.61900597e+01 2.25125313e+01
    5.46902418e+00 5.95444059e+00 4.03974247e+00 2.89631748e+00 0. 0. 0.
    0. 0. 0. 0. 0. 0. 2.91789150e+00 0. 0. 0. 0. 0. 0. 0. 0. 0. 0. 0. 0.
    0. 0.</data></globfeat>
</opencv_storage>
