<?xml version="1.0"?>
<opencv_storage>
<globfeat type_id="opencv-matrix">
  <rows>1</rows>
  <cols>64</cols>
  <dt>f</dt>
  <data>
    1.82436218e+01 3.55381546e+01 1.82436218e+01 4.24592972e+00
    1.20717611e+01 4.17377663e+00 0. 0. 5.18946981e+00 0. 0. 0. 0.
    6.02200508e+00 0. 0. 3.34679174e+00 0. 0. 0. 4.28478146e+00
    6.22181368e+00 3.80191112e+00 4.28478146e+00 0. 4.34583426e+00 0. 0.
    0. 0. 0. 0. 5.36707735e+00 3.64039917e+01 2.95494518e+01
    1.13613310e+01 7.42066431e+00 1.83823776e+01 4.71770000e+00 0. 0. 0.
    0. 0. 0. 0. 0. 0. 0. 6.51042557e+00 5.27272320e+00 0. 0. 0. 0. 0. 0.
    0. 0. 0. 0. 0. 0. 0.</data></globfeat>
</opencv_storage>
