<?xml version="1.0"?>
<opencv_storage>
<globfeat type_id="opencv-matrix">
  <rows>1</rows>
  <cols>64</cols>
  <dt>f</dt>
  <data>
    4.30799580e+00 6.07899933e+01 4.83829651e+01 3.39636850e+00
    5.27521038e+00 4.50810957e+00 6.84832382e+00 7.91559505e+00
    5.56982183e+00 0. 0. 0. 0. 0. 0. 0. 0. 4.33578968e+00 0. 0. 0.
    7.29302025e+00 0. 0. 0. 8.18241310e+00 0. 0. 0. 0. 0. 0. 0.
    8.56596375e+00 1.81991978e+01 0. 2.95167208e+00 2.76990242e+01
    2.73321495e+01 3.44639683e+00 0. 0. 0. 0. 0. 0. 0. 0. 0. 0. 0. 0. 0.
    0. 0. 0. 0. 0. 0. 0. 0. 0. 0. 0.</data></globfeat>
</opencv_storage>
