<?xml version="1.0"?>
<opencv_storage>
<globfeat type_id="opencv-matrix">
  <rows>1</rows>
  <cols>64</cols>
  <dt>f</dt>
  <data>
    1.02562666e+01 4.55468750e+01 6.18717480e+00 3.12053514e+00
    1.00622435e+01 1.32420635e+01 5.44342041e+00 1.05311317e+01
    4.51642179e+00 3.91279531e+00 0. 0. 2.85105872e+00 0. 0. 0. 0. 0. 0.
    0. 0. 0. 2.91573310e+00 3.86428952e+00 0. 0. 0. 0. 0. 0. 0. 0.
    1.08221664e+01 5.62774200e+01 4.35850906e+01 1.14635201e+01
    5.89614058e+00 4.50564289e+00 0. 0. 0. 0. 0. 0. 0. 0. 0. 0. 0. 0. 0.
    0. 0. 0. 0. 0. 0. 0. 0. 0. 0. 0. 0. 0.</data></globfeat>
</opencv_storage>
