<?xml version="1.0"?>
<opencv_storage>
<globfeat type_id="opencv-matrix">
  <rows>1</rows>
  <cols>64</cols>
  <dt>f</dt>
  <data>
    1.39813013e+01 3.92692680e+01 1.76407642e+01 7.39964962e+00
    1.05263376e+01 4.69272327e+00 0. 0. 1.29049883e+01 0. 0. 0.
    8.77732944e+00 5.34927368e+00 0. 0. 0. 0. 0. 0. 3.09439874e+00
    3.33118773e+00 0. 0. 3.55721331e+00 8.92263222e+00 0. 0.
    3.00829387e+00 0. 0. 0. 5.95739031e+00 3.84351234e+01 1.46701412e+01
    5.35465527e+00 1.86094456e+01 1.91206932e+01 0. 0. 3.76709414e+00 0.
    0. 0. 0. 0. 0. 0. 0. 6.63008595e+00 0. 0. 0. 0. 0. 0. 0. 0. 0. 0. 0.
    0. 0. 0.</data></globfeat>
</opencv_storage>
