<?xml version="1.0"?>
<opencv_storage>
<globfeat type_id="opencv-matrix">
  <rows>1</rows>
  <cols>64</cols>
  <dt>f</dt>
  <data>
    1.84144268e+01 3.08106384e+01 1.81909237e+01 8.99461269e+00
    1.27559967e+01 6.58514690e+00 3.15629148e+00 0. 6.98309040e+00 0. 0.
    0. 4.28470659e+00 6.13269091e+00 0. 0. 3.27076840e+00 5.06969118e+00
    0. 0. 4.12661934e+00 4.81893206e+00 3.58694267e+00 0. 5.26593685e+00
    6.77594185e+00 0. 0. 2.90008140e+00 0. 0. 0. 5.04243469e+00
    4.93231888e+01 2.64169064e+01 1.01829920e+01 3.40705037e+00
    8.50399780e+00 0. 0. 0. 0. 0. 0. 0. 0. 0. 0. 0. 0. 0. 0. 0. 0. 0. 0.
    0. 0. 0. 0. 0. 0. 0. 0.</data></globfeat>
</opencv_storage>
