<?xml version="1.0"?>
<opencv_storage>
<globfeat type_id="opencv-matrix">
  <rows>1</rows>
  <cols>64</cols>
  <dt>f</dt>
  <data>
    0. 5.18943901e+01 2.86172657e+01 7.76450157e+00 2.91032314e+00
    2.88302159e+00 5.01252651e+00 7.71535921e+00 3.85494947e+00 0. 0. 0.
    0. 0. 0. 0. 0. 0. 0. 5.25277805e+00 0. 5.13265228e+00 1.13955803e+01
    4.76681423e+00 0. 0. 0. 0. 0. 0. 0. 0. 0. 1.65882950e+01
    2.16281223e+01 5.77204971e+01 3.02498865e+00 9.27699566e+00
    6.74343157e+00 0. 0. 0. 0. 0. 0. 0. 0. 0. 0. 0. 0. 2.81749845e+00 0.
    0. 0. 0. 0. 0. 0. 0. 0. 0. 0. 0.</data></globfeat>
</opencv_storage>
