<?xml version="1.0"?>
<opencv_storage>
<globfeat type_id="opencv-matrix">
  <rows>1</rows>
  <cols>64</cols>
  <dt>f</dt>
  <data>
    4.68805885e+00 3.07165508e+01 5.20352793e+00 0. 4.60124254e+00
    4.38420296e+00 5.72442341e+00 6.11509514e+00 5.30662203e+00 0. 0. 0.
    0. 0. 0. 0. 0. 0. 0. 0. 0. 4.92680216e+00 5.94688940e+00 0. 0. 0. 0.
    0. 0. 0. 0. 0. 0. 3.58929482e+01 4.76510773e+01 4.17041893e+01
    5.42056799e+00 2.16388626e+01 5.99572325e+00 0. 0. 0. 0. 0. 0. 0. 0.
    0. 0. 0. 9.92414284e+00 9.15907764e+00 0. 0. 0. 0. 0. 0. 0. 0. 0. 0.
    0. 0.</data></globfeat>
</opencv_storage>
