<?xml version="1.0"?>
<opencv_storage>
<globfeat type_id="opencv-matrix">
  <rows>1</rows>
  <cols>64</cols>
  <dt>f</dt>
  <data>
    4.51901531e+00 5.99116058e+01 1.50763226e+01 4.84061384e+00 0.
    3.54867458e+00 7.75163603e+00 1.04075975e+01 0. 0. 0. 0. 0. 0. 0. 0.
    0. 3.11063504e+00 7.41894770e+00 3.57639861e+00 0. 5.45054245e+00
    5.53925943e+00 6.65930986e+00 0. 0. 0. 0. 0. 0. 0. 0. 0.
    2.08540077e+01 2.32659969e+01 1.82313156e+01 4.26395416e+00
    3.57639847e+01 1.48101711e+01 0. 0. 0. 0. 0. 0. 0. 0. 0. 0. 0. 0. 0.
    0. 0. 0. 0. 0. 0. 0. 0. 0. 0. 0. 0.</data></globfeat>
</opencv_storage>
