<?xml version="1.0"?>
<opencv_storage>
<globfeat type_id="opencv-matrix">
  <rows>1</rows>
  <cols>64</cols>
  <dt>f</dt>
  <data>
    1.36949291e+01 2.86707554e+01 1.81994190e+01 8.28313732e+00
    1.27556047e+01 6.72471189e+00 0. 0. 5.10757875e+00 0. 0. 0.
    6.78341961e+00 5.91881418e+00 0. 0. 4.00814199e+00 5.59325266e+00
    3.09550238e+00 0. 3.84269261e+00 0. 0. 0. 4.74465799e+00 0. 0. 0.
    3.58117604e+00 0. 0. 0. 3.26095152e+00 2.22502575e+01 1.53921185e+01
    1.24407167e+01 1.85196438e+01 4.03162498e+01 3.20758080e+00 0.
    5.57724142e+00 0. 0. 0. 0. 0. 0. 0. 0. 0. 0. 0. 0. 0. 0. 0. 0. 0. 0.
    0. 0. 3.03145742e+00 0. 0.</data></globfeat>
</opencv_storage>
