<?xml version="1.0"?>
<opencv_storage>
<globfeat type_id="opencv-matrix">
  <rows>1</rows>
  <cols>64</cols>
  <dt>f</dt>
  <data>
    9.06041336e+00 3.39570785e+00 2.89206314e+00 4.75087547e+00
    7.08217955e+00 5.43624783e+00 5.65951300e+00 1.21186266e+01
    1.49847288e+01 0. 0. 0. 2.38789902e+01 0. 0. 0. 0. 0. 0. 0.
    2.72072005e+00 5.85681725e+00 4.00319672e+00 0. 3.08417487e+00
    6.65122557e+00 0. 0. 1.21705484e+01 0. 0. 0. 4.09665680e+00
    6.79608841e+01 1.28351526e+01 0. 1.34374495e+01 3.29238281e+01 0. 0.
    0. 0. 0. 0. 0. 0. 0. 0. 0. 0. 0. 0. 0. 0. 0. 0. 0. 0. 0. 0. 0. 0. 0.
    0.</data></globfeat>
</opencv_storage>
