<?xml version="1.0"?>
<opencv_storage>
<globfeat type_id="opencv-matrix">
  <rows>1</rows>
  <cols>64</cols>
  <dt>f</dt>
  <data>
    1.47218485e+01 6.24579525e+00 0. 0. 6.85697174e+00 7.39309120e+00
    7.36628532e+00 1.61157589e+01 9.18909264e+00 0. 0. 0. 1.71719151e+01
    0. 0. 0. 0. 0. 0. 0. 3.38827682e+00 8.12757587e+00 2.92721391e+00 0.
    4.01553679e+00 6.38518620e+00 0. 0. 8.21871567e+00 0. 0. 0.
    6.27260113e+00 5.33921661e+01 1.46360693e+01 0. 1.56386127e+01
    4.69372826e+01 0. 0. 0. 0. 0. 0. 0. 0. 0. 0. 0. 0. 0. 0. 0. 0. 0. 0.
    0. 0. 0. 0. 0. 0. 0. 0.</data></globfeat>
</opencv_storage>
