<?xml version="1.0"?>
<opencv_storage>
<globfeat type_id="opencv-matrix">
  <rows>1</rows>
  <cols>64</cols>
  <dt>f</dt>
  <data>
    1.68141460e+01 3.82600937e+01 2.25752563e+01 3.56250405e+00
    1.46591864e+01 6.26847982e+00 0. 0. 1.54120588e+01 0. 0. 0.
    7.28322077e+00 5.90841055e+00 0. 0. 2.83690977e+00 6.34485817e+00 0.
    0. 3.59523773e+00 2.95693302e+00 0. 0. 3.27335763e+00 9.17631245e+00
    0. 0. 3.20789051e+00 0. 0. 0. 3.44248104e+00 2.73379917e+01
    1.63013210e+01 1.12112494e+01 1.59630737e+01 1.57666721e+01 0. 0. 0.
    0. 0. 0. 0. 0. 0. 0. 0. 0. 0. 0. 0. 0. 0. 0. 0. 0. 0. 0. 0.
    2.84236550e+00 0. 0.</data></globfeat>
</opencv_storage>
