<?xml version="1.0"?>
<opencv_storage>
<globfeat type_id="opencv-matrix">
  <rows>1</rows>
  <cols>64</cols>
  <dt>f</dt>
  <data>
    8.96768761e+00 4.16727219e+01 3.77128220e+01 7.29107189e+00
    7.28004122e+00 0. 5.14566565e+00 5.99500370e+00 0. 0. 0. 0. 0. 0. 0.
    0. 4.54451084e+00 1.46372957e+01 0. 0. 0. 3.64553595e+00
    1.79519196e+01 0. 0. 0. 0. 0. 0. 0. 0. 0. 4.71548128e+00
    1.07601213e+01 1.27566175e+01 3.57383847e+00 0. 1.33577728e+01
    3.90088882e+01 1.17032185e+01 0. 0. 0. 0. 0. 0. 0. 0. 0.
    4.27978182e+00 0. 0. 0. 0. 0. 0. 0. 0. 0. 0. 0. 0. 0. 0.</data></globfeat>
</opencv_storage>
