<?xml version="1.0"?>
<opencv_storage>
<globfeat type_id="opencv-matrix">
  <rows>1</rows>
  <cols>64</cols>
  <dt>f</dt>
  <data>
    2.03222313e+01 4.18392487e+01 1.85897903e+01 5.81643772e+00
    1.43157139e+01 1.28385229e+01 0. 0. 7.77697372e+00 0. 0. 0.
    1.29145555e+01 5.62092686e+00 0. 0. 0. 9.89500427e+00 0. 0. 0.
    4.56734276e+00 0. 0. 0. 4.89319372e+00 0. 0. 4.07313538e+00 0. 0. 0.
    6.97320795e+00 3.42197685e+01 1.35879803e+01 0. 1.87038383e+01
    1.80521374e+01 0. 0. 0. 0. 0. 0. 0. 0. 0. 0. 0. 0. 0. 0. 0. 0. 0. 0.
    0. 0. 0. 0. 0. 0. 0. 0.</data></globfeat>
</opencv_storage>
