<?xml version="1.0"?>
<opencv_storage>
<globfeat type_id="opencv-matrix">
  <rows>1</rows>
  <cols>64</cols>
  <dt>f</dt>
  <data>
    5.19939232e+00 3.50651703e+01 1.69875317e+01 0. 3.77797580e+00
    4.11462688e+00 3.99172258e+00 7.98878860e+00 5.06045675e+00 0. 0. 0.
    0. 0. 0. 0. 0. 2.82680225e+00 0. 0. 0. 6.40171814e+00 4.27493715e+00
    4.77724218e+00 0. 0. 0. 0. 0. 0. 0. 0. 0. 4.46730919e+01
    4.89373436e+01 1.37866726e+01 4.73983669e+00 1.62126999e+01
    3.97034788e+00 0. 0. 0. 0. 0. 0. 0. 0. 0. 0. 0. 1.07835293e+01
    1.14301128e+01 0. 0. 0. 0. 0. 0. 0. 0. 0. 0. 0. 0.</data></globfeat>
</opencv_storage>
