<?xml version="1.0"?>
<opencv_storage>
<globfeat type_id="opencv-matrix">
  <rows>1</rows>
  <cols>64</cols>
  <dt>f</dt>
  <data>
    9.66513252e+00 5.34867668e+01 8.59809303e+00 4.93646240e+00
    7.27271748e+00 1.31638994e+01 7.30079746e+00 1.08107967e+01
    3.84134269e+00 3.35275078e+00 0. 0. 0. 0. 0. 0. 0. 0. 0. 0. 0.
    2.92593503e+00 4.73428631e+00 0. 0. 0. 0. 0. 0. 0. 0. 0. 0.
    3.19381809e+01 2.37051277e+01 0. 7.97471714e+00 5.14032288e+01
    5.63846207e+00 0. 4.25131035e+00 0. 0. 0. 0. 0. 0. 0. 0. 0. 0. 0. 0.
    0. 0. 0. 0. 0. 0. 0. 0. 0. 0. 0.</data></globfeat>
</opencv_storage>
