<?xml version="1.0"?>
<opencv_storage>
<globfeat type_id="opencv-matrix">
  <rows>1</rows>
  <cols>64</cols>
  <dt>f</dt>
  <data>
    2.94295931e+00 1.00727549e+01 1.55511045e+01 9.76575470e+00
    8.90827465e+00 1.34709196e+01 1.19835606e+01 3.02764869e+00 0.
    4.13919830e+00 6.88102007e+00 0. 0. 0. 0. 0. 0. 5.10254097e+00
    1.52123470e+01 7.45796680e+00 0. 3.28171706e+00 3.23407936e+00 0. 0.
    0. 0. 0. 0. 0. 0. 0. 7.58500099e+00 6.20773849e+01 4.79765892e+01
    1.23911285e+01 0. 0. 3.93806052e+00 0. 0. 0. 0. 0. 0. 0. 0. 0. 0. 0.
    0. 0. 0. 0. 0. 0. 0. 0. 0. 0. 0. 0. 0. 0.</data></globfeat>
</opencv_storage>
