<?xml version="1.0"?>
<opencv_storage>
<globfeat type_id="opencv-matrix">
  <rows>1</rows>
  <cols>64</cols>
  <dt>f</dt>
  <data>
    9.90713882e+00 7.60343704e+01 5.39636459e+01 3.26521468e+00
    8.04357719e+00 9.29657078e+00 4.84207439e+00 1.02469339e+01
    7.40115309e+00 0. 0. 0. 2.44758358e+01 3.40856552e+00 0. 0. 0.
    5.12877607e+00 0. 0. 0. 4.21026850e+00 3.73774171e+00 0. 0. 0. 0. 0.
    3.76959729e+00 0. 0. 0. 9.33904457e+00 1.25564756e+01 0. 0. 0. 0. 0.
    0. 0. 0. 0. 0. 0. 0. 0. 0. 0. 5.37300348e+00 0. 0. 0. 0. 0. 0. 0. 0.
    0. 0. 0. 0. 0. 0.</data></globfeat>
</opencv_storage>
