<?xml version="1.0"?>
<opencv_storage>
<globfeat type_id="opencv-matrix">
  <rows>1</rows>
  <cols>64</cols>
  <dt>f</dt>
  <data>
    8.12841034e+00 6.34500427e+01 3.37303658e+01 1.11251631e+01
    1.17391586e+01 4.42190027e+00 7.77353144e+00 4.82747555e+00 0. 0. 0.
    0. 0. 0. 0. 0. 3.31783342e+00 0. 0. 0. 0. 6.75959253e+00
    1.50457268e+01 0. 0. 6.11179829e+00 0. 0. 0. 0. 0. 0. 0.
    8.39879417e+00 8.81000233e+00 0. 9.80140877e+00 3.79663773e+01
    9.33387089e+00 0. 0. 0. 0. 0. 0. 0. 0. 0. 0. 4.25854349e+00 0. 0. 0.
    0. 0. 0. 0. 0. 0. 0. 0. 0. 0. 0.</data></globfeat>
</opencv_storage>
