<?xml version="1.0"?>
<opencv_storage>
<globfeat type_id="opencv-matrix">
  <rows>1</rows>
  <cols>64</cols>
  <dt>f</dt>
  <data>
    7.29901886e+00 6.13106766e+01 2.50754871e+01 6.73588991e+00 0.
    4.41839743e+00 6.60052252e+00 3.76321816e+00 0. 0. 0. 0. 0. 0. 0. 0.
    3.73614478e+00 2.77232766e+00 0. 0. 0. 2.95101285e+00 1.46846733e+01
    0. 0. 4.29385900e+00 0. 0. 0. 0. 0. 0. 0. 2.17671032e+01
    3.15622997e+01 8.85303879e+00 0. 2.71818066e+01 1.49445791e+01
    4.05019760e+00 0. 2.99974513e+00 0. 0. 0. 0. 0. 0. 0. 0. 0. 0. 0. 0.
    0. 0. 0. 0. 0. 0. 0. 0. 0. 0.</data></globfeat>
</opencv_storage>
