<?xml version="1.0"?>
<opencv_storage>
<globfeat type_id="opencv-matrix">
  <rows>1</rows>
  <cols>64</cols>
  <dt>f</dt>
  <data>
    1.87701302e+01 3.05818958e+01 1.55363445e+01 9.52684975e+00
    1.25479574e+01 6.31487799e+00 3.13017273e+00 0. 6.64752674e+00 0. 0.
    0. 4.56438065e+00 6.15127993e+00 0. 0. 3.89908266e+00 5.78045845e+00
    0. 0. 3.99724150e+00 6.01494837e+00 4.40078259e+00 0. 5.08789396e+00
    7.28555870e+00 0. 0. 3.05382705e+00 0. 0. 0. 6.42394304e+00
    4.83704376e+01 2.44088020e+01 1.04266376e+01 4.17174578e+00
    7.90723038e+00 0. 0. 0. 0. 0. 0. 0. 0. 0. 0. 0. 0. 0. 0. 0. 0. 0. 0.
    0. 0. 0. 0. 0. 0. 0. 0.</data></globfeat>
</opencv_storage>
