<?xml version="1.0"?>
<opencv_storage>
<globfeat type_id="opencv-matrix">
  <rows>1</rows>
  <cols>64</cols>
  <dt>f</dt>
  <data>
    1.89650688e+01 1.84144173e+01 2.98485241e+01 1.29942846e+01
    1.52724676e+01 4.11368704e+00 3.94093370e+00 0. 5.02064180e+00
    4.21625900e+00 0. 0. 9.55001640e+00 0. 0. 0. 0. 9.19371223e+00
    2.19396648e+01 7.75230265e+00 0. 0. 0. 0. 2.78564620e+00
    5.23118448e+00 0. 0. 0. 0. 0. 0. 9.17751694e+00 4.34366493e+01
    1.56179743e+01 0. 6.56462383e+00 1.09644337e+01 0. 0. 0. 0. 0. 0. 0.
    0. 0. 0. 0. 0. 0. 0. 0. 0. 0. 0. 0. 0. 0. 0. 0. 0. 0. 0.</data></globfeat>
</opencv_storage>
