<?xml version="1.0"?>
<opencv_storage>
<globfeat type_id="opencv-matrix">
  <rows>1</rows>
  <cols>64</cols>
  <dt>f</dt>
  <data>
    1.53281059e+01 3.70967293e+01 2.35211830e+01 4.12909365e+00
    1.19260807e+01 8.03030014e+00 0. 0. 6.50562811e+00 0. 0. 0.
    7.26525116e+00 5.56695127e+00 0. 0. 0. 3.24467516e+00 0. 0.
    2.75092030e+00 3.02221417e+00 0. 0. 2.92454839e+00 3.52682090e+00 0.
    0. 3.34776688e+00 0. 0. 0. 3.00051069e+00 4.02925720e+01
    2.60659199e+01 9.98361588e+00 4.14537096e+00 3.00593662e+01 0. 0. 0.
    0. 0. 0. 0. 0. 0. 0. 0. 3.26637864e+00 0. 0. 0. 0. 0. 0. 0. 0. 0. 0.
    0. 0. 0. 0.</data></globfeat>
</opencv_storage>
