<?xml version="1.0"?>
<opencv_storage>
<globfeat type_id="opencv-matrix">
  <rows>1</rows>
  <cols>64</cols>
  <dt>f</dt>
  <data>
    3.49088430e+00 5.86942863e+01 1.75536880e+01 7.95237780e+00 0.
    3.66735888e+00 5.71335888e+00 8.33841610e+00 2.80704594e+00 0. 0. 0.
    0. 0. 0. 0. 0. 4.40083075e+00 5.63063669e+00 0. 0. 0. 5.65821075e+00
    6.86595726e+00 0. 0. 0. 0. 0. 0. 0. 0. 0. 2.24012203e+01
    3.86368637e+01 1.55518074e+01 0. 3.17157593e+01 1.30149879e+01
    2.90631294e+00 0. 0. 0. 0. 0. 0. 0. 0. 0. 0. 0. 0. 0. 0. 0. 0. 0. 0.
    0. 0. 0. 0. 0. 0.</data></globfeat>
</opencv_storage>
