<?xml version="1.0"?>
<opencv_storage>
<globfeat type_id="opencv-matrix">
  <rows>1</rows>
  <cols>64</cols>
  <dt>f</dt>
  <data>
    2.11103745e+01 2.06464691e+01 1.57290840e+01 2.00788689e+01
    1.09863453e+01 4.54080439e+00 1.09535990e+01 0. 3.08359909e+00
    2.80525637e+00 0. 0. 3.28007627e+00 0. 0. 0. 0. 1.89818726e+01
    1.64222107e+01 8.64499283e+00 0. 0. 0. 0. 0. 0. 0. 0. 0. 0. 0. 0. 0.
    1.40317402e+01 3.18347492e+01 2.94661083e+01 4.32795429e+00
    8.78143501e+00 9.29445839e+00 0. 0. 0. 0. 0. 0. 0. 0. 0. 0. 0. 0. 0.
    0. 0. 0. 0. 0. 0. 0. 0. 0. 0. 0. 0.</data></globfeat>
</opencv_storage>
