<?xml version="1.0"?>
<opencv_storage>
<globfeat type_id="opencv-matrix">
  <rows>1</rows>
  <cols>64</cols>
  <dt>f</dt>
  <data>
    3.38179445e+00 6.28727961e+00 3.58819485e+00 4.66782904e+00
    1.18230495e+01 9.42033482e+00 4.71016741e+00 1.08968925e+01
    7.12875891e+00 0. 0. 0. 2.36513920e+01 0. 0. 0. 0. 0. 0. 0. 0.
    8.05491543e+00 4.17564297e+00 0. 0. 5.85860157e+00 0. 0.
    7.03349733e+00 0. 0. 0. 2.45352097e+01 9.64790497e+01 1.76234360e+01
    0. 5.68395472e+00 0. 0. 0. 0. 0. 0. 0. 0. 0. 0. 0. 0. 0. 0. 0. 0. 0.
    0. 0. 0. 0. 0. 0. 0. 0. 0. 0.</data></globfeat>
</opencv_storage>
