<?xml version="1.0"?>
<opencv_storage>
<globfeat type_id="opencv-matrix">
  <rows>1</rows>
  <cols>64</cols>
  <dt>f</dt>
  <data>
    1.64188080e+01 3.61089439e+01 2.04980850e+01 0. 1.23225803e+01
    4.96067190e+00 0. 0. 6.14716530e+00 0. 0. 0. 0. 6.24321461e+00 0. 0.
    4.32222557e+00 2.97188330e+00 0. 0. 4.21487617e+00 7.02291012e+00
    3.07358265e+00 4.68382359e+00 0. 5.01717186e+00 0. 0. 0. 0. 0. 0.
    6.24886465e+00 3.57247467e+01 3.32726631e+01 8.79135036e+00
    9.02864933e+00 1.59781094e+01 5.18102074e+00 0. 0. 0. 0. 0. 0. 0. 0.
    0. 0. 6.76866150e+00 0. 0. 0. 0. 0. 0. 0. 0. 0. 0. 0. 0. 0. 0.</data></globfeat>
</opencv_storage>
