<?xml version="1.0"?>
<opencv_storage>
<globfeat type_id="opencv-matrix">
  <rows>1</rows>
  <cols>64</cols>
  <dt>f</dt>
  <data>
    1.08664312e+01 4.88342628e+01 2.63575649e+01 4.78101444e+00
    1.35938196e+01 1.17018967e+01 3.40114999e+00 0. 9.65904999e+00 0. 0.
    0. 5.96144533e+00 6.15009832e+00 0. 0. 0. 0. 0. 0. 4.51689959e+00
    5.23378229e+00 0. 0. 5.70811081e+00 8.33847713e+00 0. 0.
    6.07463694e+00 0. 0. 0. 5.13676071e+00 3.68251305e+01 1.77819233e+01
    7.49223232e+00 9.79919243e+00 3.91320896e+00 0. 0. 2.87292075e+00 0.
    0. 0. 0. 0. 0. 0. 0. 0. 0. 0. 0. 0. 0. 0. 0. 0. 0. 0. 0. 0. 0. 0.</data></globfeat>
</opencv_storage>
