<?xml version="1.0"?>
<opencv_storage>
<globfeat type_id="opencv-matrix">
  <rows>1</rows>
  <cols>64</cols>
  <dt>f</dt>
  <data>
    5.36010027e+00 4.10995178e+01 3.72662354e+01 9.50199604e+00
    3.08070421e+00 3.91449761e+00 7.74236727e+00 3.94156885e+00
    2.79374933e+00 0. 0. 0. 0. 0. 0. 0. 0. 3.24313140e+00 0. 0. 0.
    4.84574747e+00 7.54204035e+00 0. 0. 3.34058785e+00 0. 0. 0. 0. 0. 0.
    0. 1.08501425e+01 2.08394203e+01 2.66922169e+01 4.49382162e+00
    2.75855675e+01 1.26639137e+01 0. 0. 2.98324776e+00 0. 0. 0. 0. 0. 0.
    0. 1.52194366e+01 0. 0. 0. 0. 0. 0. 0. 0. 0. 0. 0. 0. 0. 0.</data></globfeat>
</opencv_storage>
