<?xml version="1.0"?>
<opencv_storage>
<globfeat type_id="opencv-matrix">
  <rows>1</rows>
  <cols>64</cols>
  <dt>f</dt>
  <data>
    1.42161045e+01 4.33005295e+01 2.47178936e+01 3.25555444e+00
    1.24197464e+01 6.96434402e+00 0. 0. 4.54340506e+00 0. 0. 0. 0.
    5.94732857e+00 0. 0. 3.52639008e+00 1.42934866e+01 3.32188153e+00 0.
    4.63736868e+00 0. 0. 0. 0. 6.53874493e+00 0. 0. 3.00682783e+00 0. 0.
    0. 2.94050074e+00 3.02727871e+01 2.57901802e+01 1.02806978e+01
    1.10213509e+01 1.92403812e+01 0. 0. 4.76449537e+00 0. 0. 0. 0. 0. 0.
    0. 0. 0. 0. 0. 0. 0. 0. 0. 0. 0. 0. 0. 0. 0. 0. 0.</data></globfeat>
</opencv_storage>
