<?xml version="1.0"?>
<opencv_storage>
<globfeat type_id="opencv-matrix">
  <rows>1</rows>
  <cols>64</cols>
  <dt>f</dt>
  <data>
    5.03216591e+01 0. 0. 1.03737097e+01 0. 0. 0. 8.25007820e+00 0. 0. 0.
    9.09418392e+00 0. 0. 0. 0. 0. 0. 0. 8.07056332e+00 0. 0. 0. 0. 0. 0.
    0. 0. 0. 0. 0. 0. 0. 0. 0. 6.95909405e+00 0. 7.49764061e+00
    5.77123547e+00 1.45484018e+01 1.47928486e+01 1.60150833e+01
    8.57091522e+00 1.76078072e+01 4.64678040e+01 1.41320791e+01
    4.86983776e+00 4.52990437e+00 0. 0. 0. 4.17851210e+00 0. 0. 0. 0. 0.
    0. 0. 0. 2.94863915e+00 0. 0. 0.</data></globfeat>
</opencv_storage>
