<?xml version="1.0"?>
<opencv_storage>
<globfeat type_id="opencv-matrix">
  <rows>1</rows>
  <cols>64</cols>
  <dt>f</dt>
  <data>
    5.85933838e+01 0. 0. 4.03497267e+00 0. 0. 0. 1.00709105e+01
    1.92533188e+01 9.36231136e+00 6.17545414e+00 1.03058863e+01
    1.33348694e+01 0. 0. 0. 0. 0. 0. 0. 0. 0. 0. 0. 0. 0. 0. 0. 0. 0. 0.
    0. 0. 0. 0. 0. 0. 0. 0. 0. 2.91479969e+01 3.96521425e+00 0. 0.
    5.51642075e+01 3.35207462e+00 0. 0. 0. 0. 0. 0. 5.47052717e+00
    2.87478042e+00 0. 0. 9.80289078e+00 3.79999709e+00 0. 3.33371735e+00
    6.95748281e+00 0. 0. 0.</data></globfeat>
</opencv_storage>
