<?xml version="1.0"?>
<opencv_storage>
<globfeat type_id="opencv-matrix">
  <rows>1</rows>
  <cols>64</cols>
  <dt>f</dt>
  <data>
    4.38325691e+01 0. 0. 2.05022068e+01 0. 0. 0. 2.41226978e+01 0.
    6.32353592e+00 8.01815224e+00 2.22119884e+01 0. 0. 0. 0. 0. 0. 0.
    5.19379139e+00 0. 0. 0. 0. 0. 0. 0. 0. 0. 0. 0. 0. 0. 0. 0.
    4.08300257e+00 0. 0. 3.92756796e+00 8.90905857e+00 1.04141207e+01
    1.39625797e+01 3.59395218e+00 1.29617319e+01 4.20242195e+01
    1.31929884e+01 6.30837154e+00 5.41746569e+00 0. 0. 0. 0. 0. 0. 0. 0.
    0. 0. 0. 0. 0. 0. 0. 0.</data></globfeat>
</opencv_storage>
