<?xml version="1.0"?>
<opencv_storage>
<globfeat type_id="opencv-matrix">
  <rows>1</rows>
  <cols>64</cols>
  <dt>f</dt>
  <data>
    5.10038605e+01 0. 0. 6.01453352e+00 0. 0. 0. 7.11861324e+00 0. 0. 0.
    1.20753918e+01 0. 0. 0. 0. 0. 0. 0. 3.81023383e+00 0. 0. 0. 0. 0. 0.
    0. 0. 0. 0. 0. 0. 0. 0. 0. 3.43963361e+00 6.40443563e+00
    8.64733982e+00 5.62077045e+00 9.11058998e+00 1.31987743e+01
    8.46589947e+00 5.99137068e+00 1.78003941e+01 6.47315140e+01
    1.24845963e+01 6.15736914e+00 6.22685623e+00 0. 0. 0. 0.
    3.60563159e+00 0. 0. 0. 3.09219599e+00 0. 0. 0. 0. 0. 0. 0.</data></globfeat>
</opencv_storage>
