<?xml version="1.0"?>
<opencv_storage>
<globfeat type_id="opencv-matrix">
  <rows>1</rows>
  <cols>64</cols>
  <dt>f</dt>
  <data>
    6.86929092e+01 0. 0. 7.28838253e+00 0. 0. 0. 7.48294687e+00 0. 0. 0.
    9.95391464e+00 0. 0. 0. 0. 0. 0. 0. 3.70450616e+00 0. 0. 0. 0. 0. 0.
    0. 0. 0. 0. 0. 0. 0. 0. 0. 5.38554287e+00 0. 8.37794304e+00
    6.56460285e+00 1.46740475e+01 1.54523048e+01 1.47207432e+01
    1.13431044e+01 2.07755871e+01 3.53679161e+01 1.43977661e+01
    4.14811325e+00 0. 0. 0. 0. 3.34650779e+00 0. 3.32315993e+00 0. 0. 0.
    0. 0. 0. 0. 0. 0. 0.</data></globfeat>
</opencv_storage>
