<?xml version="1.0"?>
<opencv_storage>
<globfeat type_id="opencv-matrix">
  <rows>1</rows>
  <cols>64</cols>
  <dt>f</dt>
  <data>
    6.24908829e+01 0. 0. 0. 0. 0. 0. 0. 0. 0. 0. 0. 0. 0. 0. 0. 0. 0. 0.
    1.35247869e+01 0. 0. 0. 0. 0. 0. 0. 0. 0. 0. 0. 0. 4.89339018e+00
    1.86006050e+01 5.01858664e+00 4.76103973e+00 7.30431461e+00
    1.41579227e+01 1.09028168e+01 8.92471409e+00 4.47129965e+00
    5.39417553e+00 3.55557728e+00 1.13249073e+01 6.08025169e+01
    7.71567440e+00 0. 5.12589788e+00 0. 0. 0. 6.03088856e+00 0. 0. 0. 0.
    0. 0. 0. 0. 0. 0. 0. 0.</data></globfeat>
</opencv_storage>
