<?xml version="1.0"?>
<opencv_storage>
<globfeat type_id="opencv-matrix">
  <rows>1</rows>
  <cols>64</cols>
  <dt>f</dt>
  <data>
    5.05410576e+01 0. 0. 1.09457817e+01 0. 0. 0. 8.42159748e+00 0. 0. 0.
    8.99527550e+00 0. 0. 0. 0. 0. 0. 0. 6.36400461e+00 0. 0. 0. 0. 0. 0.
    0. 0. 0. 0. 0. 0. 0. 0. 0. 7.95118141e+00 0. 4.89156389e+00
    5.09043884e+00 1.57493820e+01 1.77534313e+01 1.69235096e+01
    6.89561319e+00 1.99754791e+01 4.55615311e+01 1.22461195e+01
    4.58942652e+00 4.47469091e+00 0. 0. 0. 4.42879629e+00 0. 0. 0. 0.
    3.20112491e+00 0. 0. 0. 0. 0. 0. 0.</data></globfeat>
</opencv_storage>
