<?xml version="1.0"?>
<opencv_storage>
<globfeat type_id="opencv-matrix">
  <rows>1</rows>
  <cols>64</cols>
  <dt>f</dt>
  <data>
    4.77170334e+01 0. 0. 8.93826485e+00 0. 0. 0. 6.08795929e+00 0.
    1.01807051e+01 1.13756409e+01 1.30200481e+01 0. 0. 0. 0. 0. 0. 0.
    1.12696676e+01 0. 0. 0. 0. 0. 0. 0. 0. 0. 0. 0. 0. 0. 0. 0.
    5.48501015e+00 0. 0. 0. 3.17553234e+00 5.28037310e+00 1.52272072e+01
    1.71054859e+01 1.51979733e+01 1.49385223e+01 2.26855049e+01
    6.48261690e+00 0. 0. 0. 0. 4.37777615e+00 0. 3.07686782e+00 0. 0.
    1.10577221e+01 1.21101427e+01 3.46056271e+00 0. 6.74937630e+00 0. 0.
    0.</data></globfeat>
</opencv_storage>
