<?xml version="1.0"?>
<opencv_storage>
<globfeat type_id="opencv-matrix">
  <rows>1</rows>
  <cols>64</cols>
  <dt>f</dt>
  <data>
    4.80021439e+01 0. 0. 2.04517612e+01 0. 0. 0. 1.01031704e+01
    8.50793266e+00 5.84920406e+00 3.55488801e+00 4.90470409e+00 0. 0. 0.
    0. 0. 0. 0. 1.09435520e+01 0. 0. 0. 0. 0. 0. 0. 0. 0. 0. 0. 0. 0. 0.
    0. 9.63463879e+00 5.55544233e+00 4.07547855e+00 0. 6.41441631e+00
    1.06795378e+01 9.07686329e+00 5.25796223e+00 9.09545612e+00
    1.31634979e+01 5.10922194e+00 4.22049999e+00 4.15356684e+00 0. 0. 0.
    9.02480507e+00 9.37434387e+00 6.50366020e+00 3.88211632e+00 0.
    1.38105173e+01 2.95992780e+00 0. 0. 1.06906939e+01 0. 0. 0.</data></globfeat>
</opencv_storage>
