<?xml version="1.0"?>
<opencv_storage>
<globfeat type_id="opencv-matrix">
  <rows>1</rows>
  <cols>64</cols>
  <dt>f</dt>
  <data>
    4.28720551e+01 0. 0. 1.34863043e+01 0. 0. 0. 8.10654163e+00
    2.98137712e+00 0. 2.99982619e+00 5.26168776e+00 0. 0. 0. 0. 0. 0. 0.
    6.45719051e+00 0. 0. 0. 0. 0. 0. 0. 0. 0. 0. 0. 0. 0. 0. 0.
    6.56050587e+00 0. 3.70089269e+00 3.91490245e+00 1.00621481e+01
    1.52020712e+01 1.28295155e+01 7.46451235e+00 1.80432358e+01
    5.58528557e+01 1.46043205e+01 5.67494822e+00 4.74142265e+00 0. 0. 0.
    4.48682499e+00 0. 0. 0. 0. 2.88544178e+00 3.53485060e+00 0.
    3.27656293e+00 0. 0. 0. 0.</data></globfeat>
</opencv_storage>
