<?xml version="1.0"?>
<opencv_storage>
<globfeat type_id="opencv-matrix">
  <rows>1</rows>
  <cols>64</cols>
  <dt>f</dt>
  <data>
    4.82878227e+01 0. 0. 1.73874550e+01 0. 0. 0. 5.79704809e+00 0. 0. 0.
    5.90405893e+00 0. 0. 0. 0. 0. 0. 0. 1.77822876e+01 0. 0. 0. 0. 0. 0.
    0. 0. 0. 0. 0. 0. 0. 0. 0. 9.43911457e+00 5.77859783e+00
    7.17712164e+00 4.64206648e+00 1.23542433e+01 8.71955776e+00
    1.28265686e+01 8.33210373e+00 1.76900368e+01 2.82730637e+01
    1.11918821e+01 4.88929892e+00 4.77121782e+00 0. 0. 0. 6.49446487e+00
    3.95571971e+00 3.68265676e+00 0. 0. 4.60147619e+00 0. 0. 0.
    5.02214050e+00 0. 0. 0.</data></globfeat>
</opencv_storage>
