<?xml version="1.0"?>
<opencv_storage>
<globfeat type_id="opencv-matrix">
  <rows>1</rows>
  <cols>64</cols>
  <dt>f</dt>
  <data>
    5.03653564e+01 0. 0. 3.25592709e+00 0. 0. 0. 3.83116603e+00
    3.01906395e+00 4.02291203e+00 8.04582405e+00 7.63977337e+00
    3.00026536e+00 0. 0. 0. 0. 0. 0. 0. 0. 0. 0. 0. 0. 0. 0. 0. 0. 0. 0.
    0. 0. 3.53414726e+00 0. 0. 1.07265129e+01 1.09332981e+01
    6.65472412e+00 6.09828377e+00 1.70541401e+01 4.39136600e+00 0.
    3.09049892e+00 7.84693451e+01 5.10195494e+00 3.09801841e+00 0. 0. 0.
    0. 0. 5.39897394e+00 0. 0. 0. 6.75623655e+00 0. 0. 0. 6.78631449e+00
    3.72589350e+00 0. 0.</data></globfeat>
</opencv_storage>
