<?xml version="1.0"?>
<opencv_storage>
<globfeat type_id="opencv-matrix">
  <rows>1</rows>
  <cols>64</cols>
  <dt>f</dt>
  <data>
    5.00370369e+01 0. 0. 5.20469952e+00 0. 0. 0. 6.90048552e+00 0.
    4.93216276e+00 9.93624496e+00 8.06255245e+00 0. 0. 0. 0. 0. 0. 0. 0.
    0. 0. 0. 0. 0. 0. 0. 0. 0. 0. 0. 0. 3.61868572e+00 0. 0.
    3.74359846e+00 9.08456612e+00 7.56290150e+00 4.59906197e+00
    1.00800838e+01 1.58487835e+01 8.83474064e+00 5.03814936e+00
    1.51863670e+01 5.02490082e+01 6.34784079e+00 4.00099468e+00
    5.39774656e+00 0. 0. 0. 3.07739687e+00 4.78832340e+00 0. 0. 0.
    5.21227026e+00 2.88056469e+00 0. 0. 4.37573290e+00 0. 0. 0.</data></globfeat>
</opencv_storage>
