<?xml version="1.0"?>
<opencv_storage>
<globfeat type_id="opencv-matrix">
  <rows>1</rows>
  <cols>64</cols>
  <dt>f</dt>
  <data>
    4.62739716e+01 0. 0. 7.70054293e+00 0. 0. 0. 5.57907867e+00
    8.66078472e+00 8.85804367e+00 8.05412006e+00 4.07172251e+00 0. 0. 0.
    0. 0. 0. 0. 0. 0. 0. 0. 0. 0. 0. 0. 0. 0. 0. 0. 0. 0. 0. 0. 0.
    7.27997160e+00 7.62610531e+00 0. 0. 2.31797867e+01 1.14038000e+01
    5.47486639e+00 3.33851480e+00 7.09090118e+01 7.75264883e+00 0. 0. 0.
    0. 0. 3.08914971e+00 4.06427860e+00 0. 0. 0. 8.55657196e+00
    4.28386879e+00 0. 0. 8.84315586e+00 0. 0. 0.</data></globfeat>
</opencv_storage>
