<?xml version="1.0"?>
<opencv_storage>
<globfeat type_id="opencv-matrix">
  <rows>1</rows>
  <cols>64</cols>
  <dt>f</dt>
  <data>
    5.37726059e+01 0. 0. 1.10096645e+01 0. 0. 0. 7.57126760e+00
    6.03134871e+00 6.01247740e+00 8.35255051e+00 5.53691435e+00 0. 0. 0.
    0. 0. 0. 0. 3.77431083e+00 0. 0. 0. 0. 0. 0. 0. 0. 0. 0. 0. 0. 0. 0.
    0. 0. 1.59577866e+01 4.82356930e+00 0. 7.14854479e+00 1.30855360e+01
    1.47688789e+01 1.05944910e+01 1.77354870e+01 3.61541252e+01
    5.62372351e+00 0. 0. 0. 0. 0. 3.98567224e+00 8.37519550e+00 0. 0. 0.
    9.77546501e+00 0. 0. 0. 4.91037846e+00 0. 0. 0.</data></globfeat>
</opencv_storage>
