<?xml version="1.0"?>
<opencv_storage>
<globfeat type_id="opencv-matrix">
  <rows>1</rows>
  <cols>64</cols>
  <dt>f</dt>
  <data>
    4.45206871e+01 0. 0. 1.33913870e+01 0. 0. 0. 5.74997425e+00 0. 0. 0.
    0. 0. 0. 0. 0. 0. 0. 0. 8.68927002e+00 0. 0. 0. 0. 0. 0. 0. 0. 0. 0.
    0. 0. 0. 0. 0. 6.67299604e+00 1.92851105e+01 5.66675091e+00
    2.98847342e+00 9.93005371e+00 1.62550259e+01 1.35010900e+01
    6.15474224e+00 1.21808662e+01 4.06810684e+01 1.09514313e+01
    2.91659880e+00 4.18007994e+00 0. 0. 0. 5.51543570e+00 6.99832392e+00
    0. 0. 0. 8.67792130e+00 2.89768434e+00 0. 2.98469043e+00
    4.21034288e+00 0. 0. 0.</data></globfeat>
</opencv_storage>
