<?xml version="1.0"?>
<opencv_storage>
<globfeat type_id="opencv-matrix">
  <rows>1</rows>
  <cols>64</cols>
  <dt>f</dt>
  <data>
    5.89498377e+00 5.29411745e+00 3.82172489e+00 4.31432676e+00 0. 0.
    3.45362687e+00 7.16167450e+00 6.63659334e+00 1.38469868e+01
    2.75586433e+01 3.81631184e+00 0. 0. 0. 0. 0. 0. 0. 0. 0. 0. 0. 0. 0.
    0. 0. 0. 0. 0. 0. 0. 1.08047638e+01 2.68765793e+01 1.29862862e+01 0.
    3.39408150e+01 5.85167789e+00 0. 0. 2.80025253e+01 0. 0. 0.
    5.36448908e+00 0. 0. 0. 8.18477058e+00 1.47455788e+01 0. 0.
    1.06477804e+01 0. 0. 0. 1.04691448e+01 0. 0. 0. 5.32659674e+00 0. 0.
    0.</data></globfeat>
</opencv_storage>
