<?xml version="1.0"?>
<opencv_storage>
<globfeat type_id="opencv-matrix">
  <rows>1</rows>
  <cols>64</cols>
  <dt>f</dt>
  <data>
    5.61135101e+00 3.76572204e+00 4.12208271e+00 6.14323282e+00 0. 0.
    3.47318697e+00 6.52618742e+00 8.15374565e+00 1.71850948e+01
    2.53654346e+01 0. 3.20192742e+00 0. 0. 0. 0. 0. 0. 0. 0. 0. 0. 0. 0.
    0. 0. 0. 0. 0. 0. 0. 8.56861305e+00 2.88918095e+01 1.42703838e+01 0.
    1.96157951e+01 9.06326294e+00 0. 0. 2.43229465e+01 0. 0. 0.
    3.29234719e+00 0. 0. 0. 1.16056576e+01 1.47224836e+01 0. 0.
    1.40150805e+01 0. 0. 0. 1.25045366e+01 0. 0. 0. 1.05791254e+01 0. 0.
    0.</data></globfeat>
</opencv_storage>
