<?xml version="1.0"?>
<opencv_storage>
<globfeat type_id="opencv-matrix">
  <rows>1</rows>
  <cols>64</cols>
  <dt>f</dt>
  <data>
    0. 3.42713141e+00 0. 0. 2.89699697e+00 3.12725759e+00 6.29735422e+00
    4.05900908e+00 1.20913486e+01 1.12077913e+01 3.70665703e+01
    4.38030243e+00 2.82202864e+00 0. 0. 0. 0. 0. 0. 0. 0. 0. 0. 0. 0. 0.
    0. 0. 0. 0. 0. 0. 4.36959267e+00 1.24394159e+01 3.27719450e+00 0.
    4.49811020e+01 0. 0. 0. 3.03675976e+01 0. 0. 0. 0. 0. 0. 0.
    1.33765221e+01 1.40030451e+01 0. 0. 2.12160854e+01 0. 0. 0.
    1.35907183e+01 0. 0. 0. 1.00029402e+01 0. 0. 0.</data></globfeat>
</opencv_storage>
