<?xml version="1.0"?>
<opencv_storage>
<globfeat type_id="opencv-matrix">
  <rows>1</rows>
  <cols>64</cols>
  <dt>f</dt>
  <data>
    0. 4.55015039e+00 0. 0. 2.68751574e+00 4.67255211e+00 4.24148512e+00
    1.43476086e+01 7.45053864e+00 2.07124977e+01 3.83064117e+01
    1.30171556e+01 2.96957183e+00 4.02861261e+00 0. 0. 0. 0. 0. 0. 0. 0.
    0. 0. 0. 0. 0. 0. 0. 0. 0. 0. 4.44371414e+00 9.05240440e+00
    4.08183098e+00 0. 2.88601933e+01 0. 0. 0. 1.93075390e+01 0. 0. 0.
    4.69916105e+00 0. 0. 0. 1.50181570e+01 1.48052845e+01 0. 0.
    1.72905712e+01 0. 0. 0. 1.23093538e+01 0. 0. 0. 8.14769650e+00 0. 0.
    0.</data></globfeat>
</opencv_storage>
