<?xml version="1.0"?>
<opencv_storage>
<globfeat type_id="opencv-matrix">
  <rows>1</rows>
  <cols>64</cols>
  <dt>f</dt>
  <data>
    0. 3.71687531e+00 3.37074780e+00 0. 2.96072006e+00 0. 5.20256042e+00
    7.27932453e+00 1.22848587e+01 9.52648926e+00 2.56400490e+01
    7.19412374e+00 5.22386026e+00 0. 0. 0. 0. 0. 0. 0. 0. 0. 0. 0. 0. 0.
    0. 0. 0. 0. 0. 0. 3.27489710e+00 1.23540840e+01 3.54647398e+00 0.
    3.83775368e+01 0. 0. 0. 2.69074078e+01 0. 0. 0. 0. 0. 0. 0.
    1.70720654e+01 2.15131454e+01 3.99910212e+00 0. 2.49211693e+01 0. 0.
    0. 1.48089256e+01 0. 0. 0. 5.82558966e+00 0. 0. 0.</data></globfeat>
</opencv_storage>
