<?xml version="1.0"?>
<opencv_storage>
<globfeat type_id="opencv-matrix">
  <rows>1</rows>
  <cols>64</cols>
  <dt>f</dt>
  <data>
    4.11187649e+00 0. 0. 0. 3.26827860e+00 3.54947782e+00 0.
    7.82582903e+00 3.95801258e+00 1.10092173e+01 9.31671619e+00
    1.01974535e+01 0. 0. 0. 0. 4.50449419e+00 0. 0. 0. 0. 0. 0. 0. 0. 0.
    0. 0. 0. 0. 0. 0. 2.63372307e+01 2.88839417e+01 2.67510719e+01
    8.30864334e+00 5.95134430e+01 4.20737791e+00 0. 0. 2.06018276e+01 0.
    0. 0. 6.25535774e+00 0. 0. 0. 1.32588120e+01 0. 0. 0. 3.14094305e+00
    0. 0. 0. 0. 0. 0. 0. 0. 0. 0. 0.</data></globfeat>
</opencv_storage>
