<?xml version="1.0"?>
<opencv_storage>
<globfeat type_id="opencv-matrix">
  <rows>1</rows>
  <cols>64</cols>
  <dt>f</dt>
  <data>
    6.48161268e+00 0. 0. 0. 2.89073563e+00 3.56435633e+00 0.
    7.24540329e+00 3.41053748e+00 9.64285755e+00 8.75176811e+00
    8.69342327e+00 0. 0. 0. 0. 9.55799198e+00 0. 0. 0. 0. 0. 0. 0. 0. 0.
    0. 0. 0. 0. 0. 0. 2.33539600e+01 3.19359970e+01 1.73231964e+01
    9.61103249e+00 6.55003510e+01 3.64922214e+00 0. 0. 1.94925747e+01 0.
    0. 0. 6.59830284e+00 0. 0. 0. 1.34936352e+01 0. 0. 0. 3.80304098e+00
    0. 0. 0. 0. 0. 0. 0. 0. 0. 0. 0.</data></globfeat>
</opencv_storage>
