<?xml version="1.0"?>
<opencv_storage>
<globfeat type_id="opencv-matrix">
  <rows>1</rows>
  <cols>64</cols>
  <dt>f</dt>
  <data>
    2.84244823e+00 7.99438524e+00 1.53617601e+01 3.42243290e+00
    3.88746572e+00 1.05128784e+01 8.79382420e+00 4.38907433e+00
    2.22223015e+01 1.32142487e+01 2.37219009e+01 4.85933208e+00
    5.52291870e+00 0. 0. 0. 0. 0. 0. 0. 0. 0. 0. 0. 0. 0. 0. 0. 0. 0. 0.
    0. 0. 9.13345432e+00 0. 0. 7.70178032e+00 0. 0. 0. 2.13392620e+01 0.
    0. 0. 7.11134529e+00 0. 0. 0. 1.16049213e+01 1.58633690e+01
    2.94694996e+00 0. 1.88468933e+01 0. 0. 0. 2.10571060e+01 0. 0. 0.
    1.26499395e+01 0. 0. 0.</data></globfeat>
</opencv_storage>
