<?xml version="1.0"?>
<opencv_storage>
<globfeat type_id="opencv-matrix">
  <rows>1</rows>
  <cols>64</cols>
  <dt>f</dt>
  <data>
    2.92294955e+00 4.60064983e+00 3.33976936e+00 0. 2.95942140e+00 0.
    4.37139893e+00 6.04909897e+00 1.66206932e+01 1.41927176e+01
    3.28141479e+01 1.27651091e+01 7.41939402e+00 4.56938839e+00 0. 0. 0.
    0. 0. 0. 0. 0. 0. 0. 0. 0. 0. 0. 0. 0. 0. 0. 1.30256214e+01
    1.10405169e+01 6.34087276e+00 0. 2.97088375e+01 0. 0. 0.
    1.29214172e+01 0. 0. 0. 4.33492708e+00 0. 0. 0. 1.29057865e+01
    1.79232559e+01 3.33976936e+00 0. 1.76783733e+01 0. 0. 0.
    7.54444027e+00 0. 0. 0. 5.61143780e+00 0. 0. 0.</data></globfeat>
</opencv_storage>
