<?xml version="1.0"?>
<opencv_storage>
<globfeat type_id="opencv-matrix">
  <rows>1</rows>
  <cols>64</cols>
  <dt>f</dt>
  <data>
    0. 2.93477583e+00 3.44702744e+00 0. 0. 0. 5.40532351e+00
    9.46064949e+00 1.19632130e+01 2.38036995e+01 2.56179237e+01
    1.29663725e+01 5.38931561e+00 5.57607412e+00 0. 0. 0. 0. 0. 0. 0. 0.
    0. 0. 0. 0. 0. 0. 0. 0. 0. 0. 3.45236349e+00 1.09547176e+01
    7.60907316e+00 0. 3.19036808e+01 0. 0. 0. 2.72240467e+01 0. 0. 0.
    3.92192769e+00 0. 0. 0. 1.16750717e+01 1.78594437e+01 4.48220301e+00
    0. 1.64400806e+01 0. 0. 0. 8.48416996e+00 0. 0. 0. 4.42884350e+00 0.
    0. 0.</data></globfeat>
</opencv_storage>
