<?xml version="1.0"?>
<opencv_storage>
<globfeat type_id="opencv-matrix">
  <rows>1</rows>
  <cols>64</cols>
  <dt>f</dt>
  <data>
    0. 4.68748093e+00 3.05569696e+00 0. 3.85080194e+00 2.96735215e+00
    6.04383612e+00 6.22052622e+00 1.37766209e+01 1.60631962e+01
    2.89407768e+01 1.20409012e+01 7.54050398e+00 4.48480701e+00 0. 0. 0.
    0. 0. 0. 0. 0. 0. 0. 0. 0. 0. 0. 0. 0. 0. 0. 6.60508680e+00
    7.12476301e+00 6.43879032e+00 0. 3.22459183e+01 0. 0. 0.
    2.24967899e+01 0. 0. 0. 5.19156694e+00 0. 0. 0. 1.42443295e+01
    1.90513363e+01 4.47961044e+00 0. 1.22591658e+01 0. 0. 0.
    8.79812050e+00 0. 0. 0. 6.39201927e+00 0. 0. 0.</data></globfeat>
</opencv_storage>
