<?xml version="1.0"?>
<opencv_storage>
<globfeat type_id="opencv-matrix">
  <rows>1</rows>
  <cols>64</cols>
  <dt>f</dt>
  <data>
    3.38317156e+00 8.25368118e+00 1.63450127e+01 4.82861328e+00
    5.35756111e+00 1.20662956e+01 8.99211407e+00 4.86527300e+00
    2.17758942e+01 9.00782490e+00 2.33156033e+01 4.77100515e+00
    7.15388918e+00 0. 0. 0. 0. 0. 0. 0. 0. 0. 0. 0. 0. 0. 0. 0. 0. 0. 0.
    0. 0. 9.00258827e+00 0. 0. 8.75120640e+00 0. 0. 0. 1.82670307e+01 0.
    0. 0. 6.45735359e+00 0. 0. 0. 1.20924816e+01 1.54075708e+01
    3.01133680e+00 0. 2.07598953e+01 0. 0. 0. 2.03461628e+01 0. 0. 0.
    1.07884417e+01 0. 0. 0.</data></globfeat>
</opencv_storage>
