<?xml version="1.0"?>
<opencv_storage>
<globfeat type_id="opencv-matrix">
  <rows>1</rows>
  <cols>64</cols>
  <dt>f</dt>
  <data>
    0. 2.75866413e+00 0. 0. 0. 2.88697410e+00 6.00918341e+00
    4.66192865e+00 3.74237394e+00 1.43012142e+01 2.87360859e+01
    4.16472769e+00 0. 3.00459170e+00 0. 0. 0. 0. 0. 0. 0. 0. 0. 0. 0. 0.
    0. 0. 0. 0. 0. 0. 7.93383265e+00 3.41839104e+01 2.40153484e+01 0.
    2.25451298e+01 7.12120295e+00 0. 0. 1.58302412e+01 0. 0. 0.
    5.15378332e+00 0. 0. 0. 1.18847103e+01 1.86530609e+01 0. 0.
    1.80596275e+01 0. 0. 0. 1.14570103e+01 0. 0. 0. 7.89640903e+00 0. 0.
    0.</data></globfeat>
</opencv_storage>
