<?xml version="1.0"?>
<opencv_storage>
<globfeat type_id="opencv-matrix">
  <rows>1</rows>
  <cols>64</cols>
  <dt>f</dt>
  <data>
    2.90285473e+01 2.19531422e+01 0. 0. 5.05616903e+00 4.57155228e+00 0.
    8.75002575e+00 8.62079525e+00 1.70746670e+01 1.43069658e+01
    8.45387173e+00 0. 0. 0. 0. 8.69079494e+00 0. 0. 0. 0. 0. 0. 0. 0. 0.
    0. 0. 0. 0. 0. 0. 1.71554356e+01 8.87925720e+00 2.91847014e+00 0.
    5.17193832e+01 0. 0. 0. 2.50008430e+01 0. 0. 0. 5.35770845e+00 0. 0.
    0. 9.27233505e+00 2.82693148e+00 0. 0. 5.36309290e+00 0. 0. 0. 0. 0.
    0. 0. 0. 0. 0. 0.</data></globfeat>
</opencv_storage>
