<?xml version="1.0"?>
<opencv_storage>
<globfeat type_id="opencv-matrix">
  <rows>1</rows>
  <cols>64</cols>
  <dt>f</dt>
  <data>
    0. 5.78269243e+00 1.15059919e+01 0. 2.75366306e+00 6.53320074e+00
    1.08310747e+01 4.36266613e+00 8.57954979e+00 1.61548233e+01
    2.63001823e+01 5.72329950e+00 4.48685122e+00 4.87560368e+00 0. 0. 0.
    0. 0. 0. 0. 0. 0. 0. 0. 0. 0. 0. 0. 0. 0. 0. 0. 6.87875843e+00 0. 0.
    1.41516685e+01 0. 0. 0. 3.71744499e+01 0. 0. 0. 5.10237551e+00 0. 0.
    0. 1.37791138e+01 1.19595366e+01 0. 0. 2.19321156e+01 0. 0. 0.
    2.75420303e+01 0. 0. 0. 8.59034920e+00 0. 0. 0.</data></globfeat>
</opencv_storage>
