<?xml version="1.0"?>
<opencv_storage>
<globfeat type_id="opencv-matrix">
  <rows>1</rows>
  <cols>64</cols>
  <dt>f</dt>
  <data>
    4.12063360e+00 8.11103153e+00 0. 0. 4.57906055e+00 6.50653744e+00
    5.25628233e+00 4.92288065e+00 1.64773235e+01 2.56562824e+01
    1.93685398e+01 1.41070480e+01 6.50132799e+00 3.22982645e+00 0. 0. 0.
    0. 0. 0. 0. 0. 0. 0. 0. 0. 0. 0. 0. 0. 0. 0. 4.19877434e+00
    7.97558784e+00 4.92809010e+00 0. 3.07667027e+01 0. 0. 0.
    3.27566910e+01 0. 0. 0. 9.17895889e+00 0. 0. 0. 9.32482147e+00
    1.10543413e+01 2.91205311e+00 0. 1.13669052e+01 0. 0. 0.
    8.24647617e+00 0. 0. 0. 3.45383048e+00 0. 0. 0.</data></globfeat>
</opencv_storage>
