<?xml version="1.0"?>
<opencv_storage>
<globfeat type_id="opencv-matrix">
  <rows>1</rows>
  <cols>64</cols>
  <dt>f</dt>
  <data>
    6.61765623e+00 3.16200209e+00 0. 0. 4.47294855e+00 6.99520874e+00
    2.89456916e+00 1.31986065e+01 4.96062040e+00 1.57733049e+01
    1.12741375e+01 1.98267498e+01 0. 0. 0. 0. 4.29465961e+00 0. 0. 0. 0.
    0. 0. 0. 0. 0. 0. 0. 0. 0. 0. 0. 2.15939064e+01 7.35702991e+00
    2.96798205e+00 0. 8.30300903e+01 0. 0. 0. 2.16935368e+01 0. 0. 0.
    6.42888021e+00 0. 0. 0. 6.92179585e+00 2.75823069e+00 0. 0.
    8.77809525e+00 0. 0. 0. 0. 0. 0. 0. 0. 0. 0. 0.</data></globfeat>
</opencv_storage>
