<?xml version="1.0"?>
<opencv_storage>
<globfeat type_id="opencv-matrix">
  <rows>1</rows>
  <cols>64</cols>
  <dt>f</dt>
  <data>
    3.03429008e+00 3.14304614e+00 0. 0. 6.37853479e+00 5.99245119e+00
    3.44212484e+00 1.20719070e+01 7.22683096e+00 1.41817722e+01
    1.09843483e+01 1.85265713e+01 4.85595179e+00 0. 0. 0. 0. 0. 0. 0. 0.
    0. 0. 0. 0. 0. 0. 0. 0. 0. 0. 0. 1.67429733e+01 8.45033455e+00
    6.18277407e+00 0. 1.04291489e+02 0. 0. 0. 1.92280464e+01 0. 0. 0. 0.
    0. 0. 0. 4.29042101e+00 0. 0. 0. 5.97613764e+00 0. 0. 0. 0. 0. 0. 0.
    0. 0. 0. 0.</data></globfeat>
</opencv_storage>
