<?xml version="1.0"?>
<opencv_storage>
<globfeat type_id="opencv-matrix">
  <rows>1</rows>
  <cols>64</cols>
  <dt>f</dt>
  <data>
    0. 0. 0. 0. 3.97824979e+00 2.78106689e+00 0. 5.20191908e+00
    5.41910744e+00 1.00224352e+01 5.71575451e+00 3.24192929e+00 0. 0. 0.
    0. 0. 0. 0. 0. 0. 0. 0. 0. 0. 0. 0. 0. 0. 0. 0. 0. 1.52190571e+01
    1.95522232e+01 1.13043747e+01 1.16486969e+01 5.41275063e+01
    3.68689990e+00 0. 0. 1.82755814e+01 0. 0. 0. 9.62514019e+00 0. 0. 0.
    5.68291130e+01 1.21095591e+01 0. 0. 6.26137352e+00 0. 0. 0. 0. 0. 0.
    0. 0. 0. 0. 0.</data></globfeat>
</opencv_storage>
