<?xml version="1.0"?>
<opencv_storage>
<globfeat type_id="opencv-matrix">
  <rows>1</rows>
  <cols>64</cols>
  <dt>f</dt>
  <data>
    0. 0. 0. 0. 3.90174317e+00 2.88412642e+00 0. 6.41678572e+00
    4.75063610e+00 9.66472340e+00 8.03020954e+00 4.85608864e+00 0. 0. 0.
    0. 0. 0. 0. 0. 0. 0. 0. 0. 0. 0. 0. 0. 0. 0. 0. 0. 1.15259600e+01
    2.30730114e+01 1.27913904e+01 1.13572359e+01 5.96334000e+01
    4.30246258e+00 0. 0. 1.76896591e+01 0. 0. 0. 1.02974386e+01 0. 0. 0.
    4.96892281e+01 8.94764614e+00 0. 0. 5.18826389e+00 0. 0. 0. 0. 0. 0.
    0. 0. 0. 0. 0.</data></globfeat>
</opencv_storage>
