<?xml version="1.0"?>
<opencv_storage>
<globfeat type_id="opencv-matrix">
  <rows>1</rows>
  <cols>64</cols>
  <dt>f</dt>
  <data>
    5.44076967e+00 3.55413723e+00 3.81602120e+00 4.31306601e+00 0.
    2.75245214e+00 4.55357122e+00 5.68127489e+00 9.25679111e+00
    1.37515717e+01 2.61776905e+01 3.40448952e+00 0. 0. 0. 0. 0. 0. 0. 0.
    0. 0. 0. 0. 0. 0. 0. 0. 0. 0. 0. 0. 1.05929327e+01 3.33073425e+01
    2.11644859e+01 0. 1.94221573e+01 7.45032692e+00 0. 0. 2.01971207e+01
    0. 0. 0. 2.95554566e+00 0. 0. 0. 1.11380787e+01 1.67712517e+01 0. 0.
    1.19771757e+01 0. 0. 0. 1.11861792e+01 0. 0. 0. 6.13556337e+00 0. 0.
    0.</data></globfeat>
</opencv_storage>
