<?xml version="1.0"?>
<opencv_storage>
<globfeat type_id="opencv-matrix">
  <rows>1</rows>
  <cols>64</cols>
  <dt>f</dt>
  <data>
    1.24457293e+01 3.22510409e+00 0. 0. 4.81122065e+00 6.73042202e+00
    2.88144541e+00 1.29902964e+01 0. 1.46662931e+01 1.13565960e+01
    2.24541264e+01 0. 0. 0. 0. 3.71680021e+00 0. 0. 0. 0. 0. 0. 0. 0. 0.
    0. 0. 0. 0. 0. 0. 2.20153008e+01 8.53330803e+00 3.98115301e+00 0.
    8.28323059e+01 0. 0. 0. 2.09948997e+01 0. 0. 0. 5.47738981e+00 0. 0.
    0. 7.53405476e+00 0. 0. 0. 8.35354805e+00 0. 0. 0. 0. 0. 0. 0. 0. 0.
    0. 0.</data></globfeat>
</opencv_storage>
