<?xml version="1.0"?>
<opencv_storage>
<globfeat type_id="opencv-matrix">
  <rows>1</rows>
  <cols>64</cols>
  <dt>f</dt>
  <data>
    0. 3.19244695e+00 0. 0. 4.05783749e+00 6.05245733e+00 5.82555580e+00
    5.89415407e+00 1.52393169e+01 2.64841175e+01 2.12337303e+01
    1.73130875e+01 6.43766165e+00 4.15281916e+00 0. 0. 0. 0. 0. 0. 0. 0.
    0. 0. 0. 0. 0. 0. 0. 0. 0. 0. 0. 4.71743393e+00 4.33222961e+00 0.
    1.39728918e+01 0. 0. 0. 5.95219851e+00 0. 0. 0. 3.70957041e+00 0. 0.
    0. 9.29239464e+00 1.04796686e+01 5.20289707e+00 0. 2.26848412e+01 0.
    0. 0. 4.03831329e+01 0. 0. 0. 1.83895493e+01 0. 0. 0.</data></globfeat>
</opencv_storage>
