<?xml version="1.0"?>
<opencv_storage>
<globfeat type_id="opencv-matrix">
  <rows>1</rows>
  <cols>64</cols>
  <dt>f</dt>
  <data>
    5.65132523e+00 6.42731237e+00 6.48618031e+00 5.61921549e+00 0. 0.
    3.47856188e+00 6.59856462e+00 8.96398640e+00 1.61298237e+01
    2.56824913e+01 0. 4.23314238e+00 0. 0. 0. 0. 0. 0. 0. 0. 0. 0. 0. 0.
    0. 0. 0. 0. 0. 0. 0. 1.15862875e+01 2.09355907e+01 5.00377750e+00 0.
    2.93162498e+01 6.85009098e+00 0. 0. 2.95731277e+01 0. 0. 0.
    2.96480513e+00 0. 0. 0. 1.05801802e+01 1.41818295e+01 2.95410180e+00
    0. 1.34379520e+01 0. 0. 0. 9.36000729e+00 0. 0. 0. 8.98539352e+00 0.
    0. 0.</data></globfeat>
</opencv_storage>
