<?xml version="1.0"?>
<opencv_storage>
<globfeat type_id="opencv-matrix">
  <rows>1</rows>
  <cols>64</cols>
  <dt>f</dt>
  <data>
    4.13393211e+00 0. 0. 0. 7.10188293e+00 4.92361879e+00 0.
    8.78195572e+00 2.31235199e+01 2.18197403e+01 1.50358524e+01
    1.39069710e+01 1.26137924e+01 0. 0. 0. 3.58804083e+00 0. 0. 0. 0. 0.
    0. 0. 0. 0. 0. 0. 0. 0. 0. 0. 1.91803837e+01 8.82965469e+00
    5.08791637e+00 0. 5.67832642e+01 0. 0. 0. 2.49466896e+01 0. 0. 0.
    1.07747231e+01 0. 0. 0. 3.99083424e+00 0. 0. 0. 6.59839153e+00 0. 0.
    0. 3.77883792e+00 0. 0. 0. 0. 0. 0. 0.</data></globfeat>
</opencv_storage>
