<?xml version="1.0"?>
<opencv_storage>
<globfeat type_id="opencv-matrix">
  <rows>1</rows>
  <cols>64</cols>
  <dt>f</dt>
  <data>
    0. 2.83428216e+00 3.48013568e+00 0. 0. 0. 5.10277557e+00
    9.96535778e+00 1.14332066e+01 2.39125881e+01 2.65547161e+01
    1.35682592e+01 3.69364095e+00 5.24155378e+00 0. 0. 0. 0. 0. 0. 0. 0.
    0. 0. 0. 0. 0. 0. 0. 0. 0. 0. 3.56553769e+00 1.08300543e+01
    7.67551374e+00 0. 3.00135002e+01 0. 0. 0. 2.81026287e+01 0. 0. 0.
    3.96586013e+00 0. 0. 0. 1.08994436e+01 1.83507767e+01 5.02271128e+00
    0. 1.73152752e+01 0. 0. 0. 8.97789574e+00 0. 0. 0. 4.49428558e+00 0.
    0. 0.</data></globfeat>
</opencv_storage>
