<?xml version="1.0"?>
<opencv_storage>
<globfeat type_id="opencv-matrix">
  <rows>1</rows>
  <cols>64</cols>
  <dt>f</dt>
  <data>
    4.73157501e+00 4.03513002e+00 0. 0. 3.08881474e+00 8.21380234e+00
    2.80704689e+00 1.23446264e+01 5.22599840e+00 1.59384975e+01
    1.18874187e+01 1.99576778e+01 2.92932367e+00 0. 0. 0. 0. 0. 0. 0. 0.
    0. 0. 0. 0. 0. 0. 0. 0. 0. 0. 0. 1.49124365e+01 7.08673000e+00 0. 0.
    7.78742828e+01 0. 0. 0. 3.56303558e+01 0. 0. 0. 1.94792042e+01 0. 0.
    0. 4.20525408e+00 0. 0. 0. 4.65182972e+00 0. 0. 0. 0. 0. 0. 0. 0. 0.
    0. 0.</data></globfeat>
</opencv_storage>
