<?xml version="1.0"?>
<opencv_storage>
<globfeat type_id="opencv-matrix">
  <rows>1</rows>
  <cols>64</cols>
  <dt>f</dt>
  <data>
    8.90647602e+00 0. 0. 0. 0. 5.24979544e+00 0. 0. 1.46694899e+01
    1.14565296e+01 1.28571873e+01 2.11328335e+01 8.60709858e+00
    3.78498507e+00 0. 0. 0. 0. 0. 0. 0. 0. 0. 0. 0. 0. 0. 0. 0. 0. 0. 0.
    1.15099897e+01 9.21119881e+00 0. 0. 4.61468773e+01 0. 0. 0.
    4.41581573e+01 0. 0. 0. 1.50864792e+01 0. 0. 0. 1.34505959e+01
    6.30830812e+00 0. 0. 9.30742741e+00 0. 0. 0. 8.33979702e+00 0. 0. 0.
    4.81676769e+00 0. 0. 0.</data></globfeat>
</opencv_storage>
