<?xml version="1.0"?>
<opencv_storage>
<globfeat type_id="opencv-matrix">
  <rows>1</rows>
  <cols>64</cols>
  <dt>f</dt>
  <data>
    0. 3.08638740e+00 0. 0. 0. 0. 6.25328922e+00 5.86145210e+00
    1.46053219e+01 1.58023033e+01 3.40737152e+01 1.15457726e+01
    7.49857950e+00 4.28336906e+00 0. 0. 0. 0. 0. 0. 0. 0. 0. 0. 0. 0. 0.
    0. 0. 0. 0. 0. 7.21946239e+00 9.93011570e+00 5.39446831e+00 0.
    3.98492851e+01 0. 0. 0. 2.16905937e+01 0. 0. 0. 0. 0. 0. 0.
    1.45301752e+01 1.93932476e+01 4.71814680e+00 0. 1.55553923e+01 0. 0.
    0. 9.83886623e+00 0. 0. 0. 3.87006140e+00 0. 0. 0.</data></globfeat>
</opencv_storage>
