<?xml version="1.0"?>
<opencv_storage>
<globfeat type_id="opencv-matrix">
  <rows>1</rows>
  <cols>64</cols>
  <dt>f</dt>
  <data>
    4.39290190e+00 4.28704882e+00 0. 0. 2.88978839e+00 8.49470711e+00 0.
    1.27764635e+01 5.95423412e+00 1.45706730e+01 1.32475100e+01
    2.00379829e+01 2.68866754e+00 0. 0. 0. 0. 0. 0. 0. 0. 0. 0. 0. 0. 0.
    0. 0. 0. 0. 0. 0. 1.38297014e+01 7.19800758e+00 2.92154431e+00 0.
    7.89981308e+01 0. 0. 0. 3.40688057e+01 0. 0. 0. 1.80214825e+01 0. 0.
    0. 4.52521801e+00 0. 0. 0. 6.09713602e+00 0. 0. 0. 0. 0. 0. 0. 0. 0.
    0. 0.</data></globfeat>
</opencv_storage>
