<?xml version="1.0"?>
<opencv_storage>
<globfeat type_id="opencv-matrix">
  <rows>1</rows>
  <cols>64</cols>
  <dt>f</dt>
  <data>
    3.16779876e+00 4.44740248e+00 2.75166750e+00 0. 3.76078582e+00 0.
    5.88825655e+00 6.41882372e+00 1.40132179e+01 1.95789738e+01
    3.13658905e+01 1.31965609e+01 7.40193367e+00 4.89474344e+00 0. 0. 0.
    0. 0. 0. 0. 0. 0. 0. 0. 0. 0. 0. 0. 0. 0. 0. 6.35640430e+00
    5.50853682e+00 6.11712885e+00 0. 2.59301758e+01 0. 0. 0.
    1.89287682e+01 0. 0. 0. 4.92595291e+00 0. 0. 0. 1.38207579e+01
    1.89755821e+01 4.47861195e+00 0. 1.53396368e+01 0. 0. 0.
    1.16152620e+01 0. 0. 0. 6.11712885e+00 0. 0. 0.</data></globfeat>
</opencv_storage>
