<?xml version="1.0"?>
<opencv_storage>
<globfeat type_id="opencv-matrix">
  <rows>1</rows>
  <cols>64</cols>
  <dt>f</dt>
  <data>
    6.53873158e+00 8.25251198e+00 2.87915134e+00 0. 0. 6.32780504e+00
    5.61592674e+00 4.99369287e+00 1.36522388e+01 2.16780052e+01
    1.64259262e+01 1.33200293e+01 5.38918066e+00 0. 0. 0. 0. 0. 0. 0. 0.
    0. 0. 0. 0. 0. 0. 0. 0. 0. 0. 0. 3.51720500e+00 7.88339043e+00
    5.53682947e+00 0. 2.95666676e+01 0. 0. 0. 3.77664490e+01 0. 0. 0.
    1.15693369e+01 0. 0. 0. 8.83256149e+00 1.53027420e+01 4.08143425e+00
    0. 1.04725170e+01 0. 0. 0. 9.00657558e+00 0. 0. 0. 6.39108276e+00 0.
    0. 0.</data></globfeat>
</opencv_storage>
