<?xml version="1.0"?>
<opencv_storage>
<globfeat type_id="opencv-matrix">
  <rows>1</rows>
  <cols>64</cols>
  <dt>f</dt>
  <data>
    3.42000365e+00 0. 0. 0. 3.15113544e+00 4.88264704e+00 0.
    9.36199093e+00 1.86003036e+01 1.96381340e+01 1.63848286e+01
    1.51749220e+01 4.53849554e+00 0. 0. 0. 0. 0. 0. 0. 0. 0. 0. 0. 0. 0.
    0. 0. 0. 0. 0. 0. 1.45188837e+01 6.41519547e+00 5.76453447e+00 0.
    7.64123459e+01 0. 0. 0. 2.88818245e+01 0. 0. 0. 8.18434811e+00 0. 0.
    0. 6.07642174e+00 0. 0. 0. 9.00708485e+00 0. 0. 0. 4.58689165e+00 0.
    0. 0. 0. 0. 0. 0.</data></globfeat>
</opencv_storage>
