<?xml version="1.0"?>
<opencv_storage>
<globfeat type_id="opencv-matrix">
  <rows>1</rows>
  <cols>64</cols>
  <dt>f</dt>
  <data>
    0. 6.20514250e+00 1.19670610e+01 0. 3.33499384e+00 7.85372114e+00
    1.14697847e+01 5.12410736e+00 1.23562336e+01 1.47182951e+01
    2.48043537e+01 6.85916901e+00 0. 2.83231235e+00 0. 0. 0. 0. 0. 0. 0.
    0. 0. 0. 0. 0. 0. 0. 0. 0. 0. 0. 0. 6.46459103e+00 0. 0.
    1.32426825e+01 0. 0. 0. 3.43120613e+01 0. 0. 0. 2.93501091e+00 0. 0.
    0. 1.46588383e+01 1.62912025e+01 2.76204515e+00 0. 2.41449223e+01 0.
    0. 0. 2.82150211e+01 0. 0. 0. 4.44846010e+00 0. 0. 0.</data></globfeat>
</opencv_storage>
