<?xml version="1.0"?>
<opencv_storage>
<globfeat type_id="opencv-matrix">
  <rows>1</rows>
  <cols>64</cols>
  <dt>f</dt>
  <data>
    0. 6.53189850e+00 1.15441313e+01 0. 3.21529388e+00 6.59055233e+00
    1.03177338e+01 3.91380692e+00 8.31284046e+00 1.67749825e+01
    2.61809158e+01 5.74273872e+00 5.01223230e+00 4.96957493e+00 0. 0. 0.
    0. 0. 0. 0. 0. 0. 0. 0. 0. 0. 0. 0. 0. 0. 0. 3.45524096e+00
    7.03312206e+00 0. 0. 1.35276957e+01 0. 0. 0. 3.82849236e+01 0. 0. 0.
    5.63609552e+00 0. 0. 0. 1.26478882e+01 1.12775230e+01 0. 0.
    2.06408005e+01 0. 0. 0. 2.69540787e+01 0. 0. 0. 6.43591976e+00 0. 0.
    0.</data></globfeat>
</opencv_storage>
