<?xml version="1.0"?>
<opencv_storage>
<globfeat type_id="opencv-matrix">
  <rows>1</rows>
  <cols>64</cols>
  <dt>f</dt>
  <data>
    4.86058092e+00 3.59442329e+00 0. 0. 2.72066975e+00 4.54665756e+00
    4.96522236e+00 6.02209759e+00 1.31010714e+01 3.05552139e+01
    2.22362423e+01 1.70251141e+01 4.03914785e+00 5.12218380e+00 0. 0. 0.
    0. 0. 0. 0. 0. 0. 0. 0. 0. 0. 0. 0. 0. 0. 0. 0. 4.93382978e+00
    4.96522236e+00 0. 3.14498959e+01 0. 0. 0. 4.08519020e+01 0. 0. 0.
    9.12994003e+00 0. 0. 0. 7.97365475e+00 8.05736828e+00 4.53096151e+00
    0. 1.19500179e+01 0. 0. 0. 9.14040375e+00 0. 0. 0. 3.22817922e+00 0.
    0. 0.</data></globfeat>
</opencv_storage>
