<?xml version="1.0"?>
<opencv_storage>
<globfeat type_id="opencv-matrix">
  <rows>1</rows>
  <cols>64</cols>
  <dt>f</dt>
  <data>
    4.43344688e+00 0. 0. 0. 4.39107227e+00 5.74706078e+00 3.10923934e+00
    9.59785652e+00 1.11763115e+01 1.85230141e+01 1.23151302e+01
    1.77231941e+01 3.01389623e+00 0. 0. 0. 0. 0. 0. 0. 0. 0. 0. 0. 0. 0.
    0. 0. 0. 0. 0. 0. 1.48258276e+01 6.41975784e+00 5.48751593e+00 0.
    9.36638489e+01 0. 0. 0. 1.76490383e+01 0. 0. 0. 9.45484161e+00 0. 0.
    0. 6.84350443e+00 0. 0. 0. 7.91876078e+00 0. 0. 0. 2.70668006e+00 0.
    0. 0. 0. 0. 0. 0.</data></globfeat>
</opencv_storage>
