<?xml version="1.0"?>
<opencv_storage>
<globfeat type_id="opencv-matrix">
  <rows>1</rows>
  <cols>64</cols>
  <dt>f</dt>
  <data>
    4.79045486e+00 4.01999903e+00 0. 0. 3.54304981e+00 4.76949024e+00
    5.01058531e+00 6.08503103e+00 1.36480799e+01 2.80246849e+01
    2.22698498e+01 1.67194214e+01 5.29361010e+00 4.87431431e+00 0. 0. 0.
    0. 0. 0. 0. 0. 0. 0. 0. 0. 0. 0. 0. 0. 0. 0. 0. 5.09444427e+00
    5.09444427e+00 0. 3.45447350e+01 0. 0. 0. 3.28989983e+01 0. 0. 0.
    6.73493958e+00 0. 0. 0. 8.84190083e+00 8.07668591e+00 4.18247604e+00
    0. 1.15411177e+01 0. 0. 0. 1.36218739e+01 0. 0. 0. 5.31981611e+00 0.
    0. 0.</data></globfeat>
</opencv_storage>
