<?xml version="1.0"?>
<opencv_storage>
<globfeat type_id="opencv-matrix">
  <rows>1</rows>
  <cols>64</cols>
  <dt>f</dt>
  <data>
    1.98482552e+01 3.50702262e+00 0. 0. 4.51968861e+00 6.77953339e+00
    2.89409328e+00 1.15177450e+01 0. 1.52432899e+01 1.21733131e+01
    2.13885746e+01 0. 0. 0. 0. 3.41108584e+00 0. 0. 0. 0. 0. 0. 0. 0. 0.
    0. 0. 0. 0. 0. 0. 2.31793938e+01 8.78887558e+00 4.42908192e+00 0.
    8.07787781e+01 0. 0. 0. 1.73432407e+01 0. 0. 0. 2.89942312e+00 0. 0.
    0. 8.74090767e+00 0. 0. 0. 7.55768728e+00 0. 0. 0. 0. 0. 0. 0. 0. 0.
    0. 0.</data></globfeat>
</opencv_storage>
