<?xml version="1.0"?>
<opencv_storage>
<globfeat type_id="opencv-matrix">
  <rows>1</rows>
  <cols>64</cols>
  <dt>f</dt>
  <data>
    0. 3.15220332e+00 3.05154467e+00 0. 3.42768979e+00 0. 5.19186401e+00
    5.95475006e+00 1.47915154e+01 1.34776554e+01 2.68440571e+01
    7.85666800e+00 8.09506989e+00 3.06214023e+00 0. 0. 0. 0. 0. 0. 0. 0.
    0. 0. 0. 0. 0. 0. 0. 0. 0. 0. 0. 1.21637964e+01 3.72436786e+00 0.
    3.15379257e+01 0. 0. 0. 2.47143326e+01 0. 0. 0. 4.99584484e+00 0. 0.
    0. 1.55755920e+01 2.01529102e+01 3.39060521e+00 0. 2.20442314e+01 0.
    0. 0. 1.54219561e+01 0. 0. 0. 6.37327814e+00 0. 0. 0.</data></globfeat>
</opencv_storage>
