<?xml version="1.0"?>
<opencv_storage>
<globfeat type_id="opencv-matrix">
  <rows>1</rows>
  <cols>64</cols>
  <dt>f</dt>
  <data>
    0. 6.52123022e+00 1.26069946e+01 0. 3.34394503e+00 9.30605888e+00
    1.02199993e+01 5.61804247e+00 1.35209351e+01 1.71014290e+01
    2.45527287e+01 9.81679058e+00 3.33319283e+00 3.11277199e+00 0. 0. 0.
    0. 0. 0. 0. 0. 0. 0. 0. 0. 0. 0. 0. 0. 0. 0. 0. 6.22554398e+00 0. 0.
    1.19618607e+01 0. 0. 0. 2.87944851e+01 0. 0. 0. 0. 0. 0. 0.
    1.59563160e+01 1.60477104e+01 2.74719596e+00 0. 2.56978416e+01 0. 0.
    0. 2.55688133e+01 0. 0. 0. 2.94611239e+00 0. 0. 0.</data></globfeat>
</opencv_storage>
