<?xml version="1.0"?>
<opencv_storage>
<globfeat type_id="opencv-matrix">
  <rows>1</rows>
  <cols>64</cols>
  <dt>f</dt>
  <data>
    5.67482948e+00 2.97582531e+00 2.94388437e+00 5.19571638e+00 0. 0.
    3.93937516e+00 5.88776875e+00 8.74647713e+00 1.65719929e+01
    2.54781742e+01 0. 3.51349664e+00 0. 0. 0. 0. 0. 0. 0. 0. 0. 0. 0. 0.
    0. 0. 0. 0. 0. 0. 0. 8.50159740e+00 3.39957428e+01 2.22308521e+01 0.
    1.40806046e+01 1.10515442e+01 0. 0. 1.98725510e+01 0. 0. 0.
    2.71497464e+00 0. 0. 0. 1.09024868e+01 1.38410473e+01 0. 0.
    1.42882204e+01 0. 0. 0. 1.21747990e+01 0. 0. 0. 1.04180498e+01 0. 0.
    0.</data></globfeat>
</opencv_storage>
