<?xml version="1.0"?>
<opencv_storage>
<globfeat type_id="opencv-matrix">
  <rows>1</rows>
  <cols>64</cols>
  <dt>f</dt>
  <data>
    0. 3.21763229e+00 2.98554087e+00 0. 3.53939557e+00 0. 5.36975384e+00
    8.96717167e+00 1.19949112e+01 2.31880512e+01 2.55036926e+01
    1.22955751e+01 4.58380747e+00 6.03965425e+00 0. 0. 0. 0. 0. 0. 0. 0.
    0. 0. 0. 0. 0. 0. 0. 0. 0. 0. 3.40752530e+00 1.01698284e+01
    6.22954702e+00 0. 2.84364853e+01 0. 0. 0. 2.56039143e+01 0. 0. 0.
    2.71652555e+00 0. 0. 0. 1.33083382e+01 1.78024731e+01 4.90557051e+00
    0. 1.73171921e+01 0. 0. 0. 1.27070103e+01 0. 0. 0. 4.71040297e+00 0.
    0. 0.</data></globfeat>
</opencv_storage>
