<?xml version="1.0"?>
<opencv_storage>
<globfeat type_id="opencv-matrix">
  <rows>1</rows>
  <cols>64</cols>
  <dt>f</dt>
  <data>
    0. 3.26991487e+00 0. 0. 0. 0. 7.36130905e+00 6.11842108e+00
    1.55814371e+01 1.61682091e+01 3.39313660e+01 1.01511383e+01
    4.81685638e+00 3.48862028e+00 0. 0. 0. 0. 0. 0. 0. 0. 0. 0. 0. 0. 0.
    0. 0. 0. 0. 0. 7.14793777e+00 1.00711241e+01 5.49964476e+00 0.
    4.30636559e+01 0. 0. 0. 2.22119503e+01 0. 0. 0. 0. 0. 0. 0.
    1.25142250e+01 1.93261032e+01 4.41678524e+00 0. 1.54640827e+01 0. 0.
    0. 1.07379093e+01 0. 0. 0. 3.65931726e+00 0. 0. 0.</data></globfeat>
</opencv_storage>
