<?xml version="1.0"?>
<opencv_storage>
<globfeat type_id="opencv-matrix">
  <rows>1</rows>
  <cols>64</cols>
  <dt>f</dt>
  <data>
    0. 3.51157331e+00 0. 0. 3.54893064e+00 3.83177757e+00 0.
    6.16393185e+00 5.27269697e+00 7.53013706e+00 8.95504570e+00
    9.32861710e+00 0. 0. 0. 0. 0. 0. 0. 0. 0. 0. 0. 0. 0. 0. 0. 0. 0. 0.
    0. 0. 1.24079151e+01 3.47528343e+01 1.51883554e+01 9.89431190e+00
    5.08164177e+01 0. 0. 0. 2.44742794e+01 0. 0. 0. 4.32275772e+00 0. 0.
    0. 1.95217857e+01 9.46737289e+00 0. 0. 1.46867018e+01 0. 0. 0.
    5.86507463e+00 0. 0. 0. 5.45948267e+00 0. 0. 0.</data></globfeat>
</opencv_storage>
