<?xml version="1.0"?>
<opencv_storage>
<globfeat type_id="opencv-matrix">
  <rows>1</rows>
  <cols>64</cols>
  <dt>f</dt>
  <data>
    3.05691671e+00 6.81027842e+00 1.36046076e+01 0. 3.85437298e+00
    5.82674885e+00 8.79860306e+00 4.60398197e+00 1.90751591e+01
    1.47582617e+01 2.50773487e+01 5.50776625e+00 6.82091141e+00
    3.33868456e+00 0. 0. 0. 0. 0. 0. 0. 0. 0. 0. 0. 0. 0. 0. 0. 0. 0. 0.
    0. 7.68216419e+00 0. 0. 1.11856565e+01 0. 0. 0. 3.69913483e+01 0. 0.
    0. 4.32753086e+00 0. 0. 0. 1.30251226e+01 1.43701658e+01 0. 0.
    2.08827286e+01 0. 0. 0. 1.80650482e+01 0. 0. 0. 7.33659983e+00 0. 0.
    0.</data></globfeat>
</opencv_storage>
