<?xml version="1.0"?>
<opencv_storage>
<globfeat type_id="opencv-matrix">
  <rows>1</rows>
  <cols>64</cols>
  <dt>f</dt>
  <data>
    1.56111526e+01 2.71777439e+00 0. 0. 4.36555862e+00 5.17875099e+00 0.
    8.34057140e+00 6.10964251e+00 1.92437687e+01 1.62584972e+01
    1.89976711e+01 0. 0. 0. 0. 1.60391483e+01 7.93397522e+00 0. 0. 0. 0.
    0. 0. 0. 0. 0. 0. 0. 0. 0. 0. 2.00944099e+01 1.04538012e+01
    7.76812649e+00 0. 6.22038612e+01 0. 0. 0. 1.23637333e+01 0. 0. 0. 0.
    0. 0. 0. 1.26205311e+01 0. 0. 0. 5.87424469e+00 0. 0. 0.
    2.82477331e+00 0. 0. 0. 0. 0. 0. 0.</data></globfeat>
</opencv_storage>
