<?xml version="1.0"?>
<opencv_storage>
<globfeat type_id="opencv-matrix">
  <rows>1</rows>
  <cols>64</cols>
  <dt>f</dt>
  <data>
    0. 3.29314423e+00 3.20883965e+00 0. 3.45121503e+00 0. 5.27956867e+00
    8.36195183e+00 1.23084555e+01 2.24513397e+01 2.54230728e+01
    1.21293087e+01 4.62093973e+00 6.02250195e+00 0. 0. 0. 0. 0. 0. 0. 0.
    0. 0. 0. 0. 0. 0. 0. 0. 0. 0. 3.49336720e+00 1.02008429e+01
    6.26487732e+00 0. 2.87320232e+01 0. 0. 0. 2.58814774e+01 0. 0. 0.
    3.14034224e+00 0. 0. 0. 1.35624847e+01 1.79305115e+01 4.79481792e+00
    0. 1.68450909e+01 0. 0. 0. 1.28775110e+01 0. 0. 0. 4.72632027e+00 0.
    0. 0.</data></globfeat>
</opencv_storage>
