<?xml version="1.0"?>
<opencv_storage>
<globfeat type_id="opencv-matrix">
  <rows>1</rows>
  <cols>64</cols>
  <dt>f</dt>
  <data>
    0. 3.82534575e+00 3.28266811e+00 0. 2.94748473e+00 0. 5.64491224e+00
    9.16699696e+00 1.01140232e+01 9.97569370e+00 2.57559090e+01
    8.10292339e+00 4.21905327e+00 0. 0. 0. 0. 0. 0. 0. 0. 0. 0. 0. 0. 0.
    0. 0. 0. 0. 0. 0. 7.84222507e+00 1.37265539e+01 5.29376793e+00 0.
    5.02987747e+01 0. 0. 0. 2.26860561e+01 0. 0. 0. 0. 0. 0. 0.
    1.40883389e+01 1.97917747e+01 4.45846987e+00 0. 1.87649441e+01 0. 0.
    0. 1.15877657e+01 0. 0. 0. 3.42631817e+00 0. 0. 0.</data></globfeat>
</opencv_storage>
