<?xml version="1.0"?>
<opencv_storage>
<globfeat type_id="opencv-matrix">
  <rows>1</rows>
  <cols>64</cols>
  <dt>f</dt>
  <data>
    0. 0. 3.41674256e+00 0. 0. 0. 5.12511396e+00 1.02232819e+01
    1.17915344e+01 2.11363792e+01 2.62345467e+01 1.39579859e+01
    3.02872133e+00 5.49696732e+00 0. 0. 0. 0. 0. 0. 0. 0. 0. 0. 0. 0. 0.
    0. 0. 0. 0. 0. 3.88021231e+00 1.09615993e+01 8.00832748e+00 0.
    3.39734154e+01 0. 0. 0. 2.92201538e+01 0. 0. 0. 4.23589849e+00 0. 0.
    0. 1.15220747e+01 1.87651386e+01 4.97421646e+00 0. 1.57471952e+01 0.
    0. 0. 8.33167839e+00 0. 0. 0. 4.96882725e+00 0. 0. 0.</data></globfeat>
</opencv_storage>
