<?xml version="1.0"?>
<opencv_storage>
<globfeat type_id="opencv-matrix">
  <rows>1</rows>
  <cols>64</cols>
  <dt>f</dt>
  <data>
    3.66018605e+00 1.08592558e+01 7.07249212e+00 0. 1.40078592e+01
    9.35615349e+00 6.74550152e+00 8.67052746e+00 1.67978287e+01
    2.38070316e+01 2.47774563e+01 1.26418819e+01 8.05346394e+00
    6.65584278e+00 0. 0. 0. 0. 0. 0. 0. 0. 0. 0. 0. 0. 0. 0. 0. 0. 0. 0.
    0. 6.40796280e+00 3.63381600e+00 0. 1.30057907e+01 0. 0. 0.
    2.31108589e+01 0. 0. 0. 0. 0. 0. 0. 8.26442623e+00 1.28950357e+01
    2.94291615e+00 0. 1.66237850e+01 0. 0. 0. 1.12864532e+01 0. 0. 0.
    3.72347474e+00 0. 0. 0.</data></globfeat>
</opencv_storage>
