<?xml version="1.0"?>
<opencv_storage>
<globfeat type_id="opencv-matrix">
  <rows>1</rows>
  <cols>64</cols>
  <dt>f</dt>
  <data>
    0. 3.26174426e+00 2.99343944e+00 0. 3.33539653e+00 0. 5.33452988e+00
    6.83388042e+00 1.23893671e+01 2.08962059e+01 2.66200409e+01
    1.06901035e+01 5.41344309e+00 7.59144640e+00 0. 0. 0. 0. 0. 0. 0. 0.
    0. 0. 0. 0. 0. 0. 0. 0. 0. 0. 2.93030882e+00 1.08637123e+01
    4.78213787e+00 0. 2.92820454e+01 0. 0. 0. 2.42579079e+01 0. 0. 0.
    3.24596167e+00 0. 0. 0. 1.37308912e+01 1.84025497e+01 4.10348463e+00
    0. 1.82868118e+01 0. 0. 0. 1.41149349e+01 0. 0. 0. 5.63966084e+00 0.
    0. 0.</data></globfeat>
</opencv_storage>
