<?xml version="1.0"?>
<opencv_storage>
<globfeat type_id="opencv-matrix">
  <rows>1</rows>
  <cols>64</cols>
  <dt>f</dt>
  <data>
    4.40642548e+00 1.09550838e+01 2.69369936e+00 0. 3.94510293e+00
    4.55489731e+00 2.80505300e+00 7.17436075e+00 5.39800358e+00
    1.52766685e+01 1.44441671e+01 1.43275108e+01 0. 0. 0. 0. 0. 0. 0. 0.
    0. 0. 0. 0. 0. 0. 0. 0. 0. 0. 0. 0. 1.42214594e+01 1.01543980e+01
    6.58577681e+00 0. 9.77473526e+01 0. 0. 0. 2.04360580e+01 0. 0. 0.
    6.16687441e+00 0. 0. 0. 7.70991898e+00 0. 0. 0. 3.21335006e+00 0. 0.
    0. 0. 0. 0. 0. 2.78384280e+00 0. 0. 0.</data></globfeat>
</opencv_storage>
