<?xml version="1.0"?>
<opencv_storage>
<globfeat type_id="opencv-matrix">
  <rows>1</rows>
  <cols>64</cols>
  <dt>f</dt>
  <data>
    5.82975578e+00 3.72530437e+00 3.86347532e+00 3.54461908e+00 0.
    2.69433570e+00 4.43210220e+00 5.72878456e+00 8.46563435e+00
    1.34823065e+01 2.65872993e+01 3.78376126e+00 0. 2.96536350e+00 0. 0.
    0. 0. 0. 0. 0. 0. 0. 0. 0. 0. 0. 0. 0. 0. 0. 0. 9.45408916e+00
    3.27040253e+01 1.82651501e+01 0. 2.39939346e+01 9.11928940e+00 0. 0.
    1.98913174e+01 0. 0. 0. 3.35861945e+00 0. 0. 0. 1.13406553e+01
    1.45026464e+01 0. 0. 1.18455114e+01 0. 0. 0. 1.00014591e+01 0. 0. 0.
    5.42055702e+00 0. 0. 0.</data></globfeat>
</opencv_storage>
