<?xml version="1.0"?>
<opencv_storage>
<globfeat type_id="opencv-matrix">
  <rows>1</rows>
  <cols>64</cols>
  <dt>f</dt>
  <data>
    0. 7.47728157e+00 0. 0. 3.15275407e+00 5.64342976e+00 5.59088373e+00
    6.30025339e+00 1.29630737e+01 2.80174732e+01 1.82281723e+01
    1.66307774e+01 2.97935247e+00 4.07230711e+00 0. 0. 0. 0. 0. 0. 0. 0.
    0. 0. 0. 0. 0. 0. 0. 0. 0. 0. 4.39283705e+00 6.95182228e+00
    4.98135138e+00 0. 3.04398403e+01 0. 0. 0. 3.46014748e+01 0. 0. 0.
    7.29862547e+00 0. 0. 0. 1.19489374e+01 8.68058300e+00 4.46114683e+00
    0. 9.20078659e+00 0. 0. 0. 8.52819920e+00 0. 0. 0. 1.24586325e+01 0.
    0. 0.</data></globfeat>
</opencv_storage>
