<?xml version="1.0"?>
<opencv_storage>
<globfeat type_id="opencv-matrix">
  <rows>1</rows>
  <cols>64</cols>
  <dt>f</dt>
  <data>
    6.36220551e+00 5.04774475e+00 3.36695910e+00 3.75483274e+00 0. 0.
    3.67402554e+00 7.02482319e+00 5.37635994e+00 1.39257421e+01
    2.75605793e+01 3.78715539e+00 0. 0. 0. 0. 0. 0. 0. 0. 0. 0. 0. 0. 0.
    0. 0. 0. 0. 0. 0. 0. 1.23257637e+01 2.67632828e+01 9.79919720e+00 0.
    3.69126434e+01 5.43561840e+00 0. 0. 3.23982277e+01 0. 0. 0.
    5.74268532e+00 0. 0. 0. 8.24770260e+00 1.42381964e+01 0. 0.
    9.21199989e+00 0. 0. 0. 8.95880413e+00 0. 0. 0. 5.08545494e+00 0. 0.
    0.</data></globfeat>
</opencv_storage>
