<?xml version="1.0"?>
<opencv_storage>
<globfeat type_id="opencv-matrix">
  <rows>1</rows>
  <cols>64</cols>
  <dt>f</dt>
  <data>
    6.22736168e+00 4.84350348e+00 4.65040684e+00 5.53006887e+00 0.
    3.01981449e+00 4.99368954e+00 5.41206551e+00 8.93607616e+00
    2.06023216e+01 3.59052200e+01 0. 3.82438326e+00 0. 0. 0. 0. 0. 0. 0.
    0. 0. 0. 0. 0. 0. 0. 0. 0. 0. 0. 0. 5.58907032e+00 1.32539282e+01
    2.92863011e+00 0. 3.37382469e+01 5.64807224e+00 0. 0. 2.72909698e+01
    0. 0. 0. 0. 0. 0. 0. 1.01858397e+01 1.31251974e+01 0. 0.
    1.96422043e+01 0. 0. 0. 1.07973118e+01 0. 0. 0. 8.85561943e+00 0. 0.
    0.</data></globfeat>
</opencv_storage>
