<?xml version="1.0"?>
<opencv_storage>
<globfeat type_id="opencv-matrix">
  <rows>1</rows>
  <cols>64</cols>
  <dt>f</dt>
  <data>
    5.63775539e+00 7.33013964e+00 3.23139644e+00 6.88588858e+00
    1.77806129e+01 7.39360428e+00 5.50553799e+00 1.31953087e+01
    4.79685163e+00 0. 0. 0. 0. 0. 0. 0. 0. 0. 0. 0. 0. 0. 0. 0. 0. 0. 0.
    0. 0. 0. 0. 0. 3.59049911e+01 9.73120975e+00 0. 0. 8.41326599e+01
    2.00018673e+01 7.89074183e+00 8.78982067e+00 6.67962933e+00 0. 0. 0.
    2.75541329e+00 0. 0. 0. 3.79728746e+00 3.55929589e+00 0. 0. 0. 0. 0.
    0. 0. 0. 0. 0. 0. 0. 0. 0.</data></globfeat>
</opencv_storage>
