<?xml version="1.0"?>
<opencv_storage>
<globfeat type_id="opencv-matrix">
  <rows>1</rows>
  <cols>64</cols>
  <dt>f</dt>
  <data>
    1.14594498e+01 4.50970745e+00 3.93782425e+00 3.08816934e+00
    1.65029144e+01 2.00485916e+01 9.05754089e+00 9.09566593e+00
    1.89865227e+01 0. 0. 0. 0. 0. 0. 0. 0. 0. 0. 0. 2.78861141e+00 0. 0.
    0. 0. 0. 0. 0. 0. 0. 0. 0. 1.45149403e+01 0. 0. 0. 3.12629490e+01
    4.30655289e+01 1.20095472e+01 6.25258970e+00 1.78100777e+01 0. 0. 0.
    1.55661163e+01 0. 0. 0. 8.48021126e+00 6.56304073e+00 0. 0. 0. 0. 0.
    0. 0. 0. 0. 0. 0. 0. 0. 0.</data></globfeat>
</opencv_storage>
