<?xml version="1.0"?>
<opencv_storage>
<globfeat type_id="opencv-matrix">
  <rows>1</rows>
  <cols>64</cols>
  <dt>f</dt>
  <data>
    4.36910057e+00 4.07961416e+00 2.98599863e+00 0. 3.74187994e+00
    1.39918432e+01 2.19634418e+01 1.24908028e+01 2.84661627e+00 0. 0. 0.
    0. 0. 0. 0. 0. 0. 0. 0. 0. 0. 0. 0. 0. 0. 0. 0. 0. 0. 0. 0.
    1.07270794e+01 6.22395802e+00 3.83301449e+00 0. 3.96971626e+01
    6.94284897e+01 1.26033802e+01 4.29940939e+00 2.22958145e+01 0. 0. 0.
    5.62354136e+00 0. 0. 0. 0. 3.47383690e+00 4.42270899e+00
    3.14682460e+00 2.75548172e+00 0. 0. 0. 0. 0. 0. 0. 0. 0. 0. 0.</data></globfeat>
</opencv_storage>
