<?xml version="1.0"?>
<opencv_storage>
<globfeat type_id="opencv-matrix">
  <rows>1</rows>
  <cols>64</cols>
  <dt>f</dt>
  <data>
    5.50355864e+00 5.40719271e+00 1.44655790e+01 7.40410662e+00 0.
    1.39087982e+01 2.68753529e+01 1.45351763e+01 0. 3.24431562e+00
    4.22403479e+00 0. 0. 0. 0. 0. 0. 0. 0. 0. 0. 0. 0. 0. 0. 0. 0. 0. 0.
    0. 0. 0. 1.56433830e+01 9.18152046e+00 0. 0. 3.80698471e+01
    4.40659447e+01 1.64089565e+01 6.50469208e+00 1.69871502e+01 0. 0. 0.
    7.75744772e+00 0. 0. 0. 4.81293678e+00 0. 0. 0. 0. 0. 0. 0. 0. 0. 0.
    0. 0. 0. 0. 0.</data></globfeat>
</opencv_storage>
