<?xml version="1.0"?>
<opencv_storage>
<globfeat type_id="opencv-matrix">
  <rows>1</rows>
  <cols>64</cols>
  <dt>f</dt>
  <data>
    1.82875557e+01 4.70976257e+00 0. 0. 1.27505512e+01 3.20363121e+01
    1.28553352e+01 8.76324654e+00 1.53756647e+01 3.55713916e+00 0. 0. 0.
    0. 0. 0. 0. 0. 0. 0. 0. 0. 0. 0. 0. 0. 0. 0. 0. 0. 0. 0.
    1.09085598e+01 0. 0. 0. 1.77691517e+01 1.80283527e+01 1.72397156e+01
    0. 2.25892124e+01 0. 0. 0. 1.50944033e+01 0. 0. 0. 2.46793766e+01
    1.22321472e+01 0. 0. 4.87521076e+00 3.24830222e+00 0. 0. 0. 0. 0. 0.
    0. 0. 0. 0.</data></globfeat>
</opencv_storage>
