<?xml version="1.0"?>
<opencv_storage>
<globfeat type_id="opencv-matrix">
  <rows>1</rows>
  <cols>64</cols>
  <dt>f</dt>
  <data>
    2.86786389e+00 0. 5.43585634e+00 1.05554838e+01 2.85695958e+00
    1.29381008e+01 2.47257862e+01 1.55388069e+01 3.20590115e+00 0. 0. 0.
    0. 0. 0. 0. 0. 0. 0. 0. 0. 0. 0. 0. 0. 0. 0. 0. 0. 0. 0. 0.
    6.73348284e+00 9.37780571e+00 4.77613831e+00 0. 5.01767159e+01
    3.37110329e+01 8.37459946e+00 5.39769077e+00 3.99265556e+01 0. 0. 0.
    6.51539421e+00 0. 0. 0. 0. 0. 4.52533674e+00 7.36048746e+00 0. 0. 0.
    0. 0. 0. 0. 0. 0. 0. 0. 0.</data></globfeat>
</opencv_storage>
