<?xml version="1.0"?>
<opencv_storage>
<globfeat type_id="opencv-matrix">
  <rows>1</rows>
  <cols>64</cols>
  <dt>f</dt>
  <data>
    4.93534517e+00 5.34349155e+00 4.90312338e+00 0. 6.51959658e+00
    1.50584421e+01 5.90737724e+00 0. 5.27904749e+00 0. 0. 0. 0. 0. 0. 0.
    0. 0. 0. 0. 0. 0. 0. 0. 0. 0. 0. 0. 0. 0. 0. 0. 2.97517014e+01
    1.41615944e+01 3.70016646e+00 0. 6.40950470e+01 5.29784355e+01
    2.10034122e+01 7.34662914e+00 4.73664284e+00 0. 0. 0. 0. 0. 0. 0.
    3.62498164e+00 2.78720808e+00 0. 0. 2.86776328e+00 0. 0. 0. 0. 0. 0.
    0. 0. 0. 0. 0.</data></globfeat>
</opencv_storage>
