<?xml version="1.0"?>
<opencv_storage>
<globfeat type_id="opencv-matrix">
  <rows>1</rows>
  <cols>64</cols>
  <dt>f</dt>
  <data>
    1.13723316e+01 5.40252018e+00 3.71125031e+00 3.08033776e+00
    1.79253387e+01 2.07936058e+01 1.37793417e+01 8.36091709e+00
    9.72347546e+00 0. 0. 0. 0. 0. 0. 0. 0. 0. 0. 0. 0. 0. 0. 0. 0. 0. 0.
    0. 0. 0. 0. 0. 2.36035519e+01 0. 0. 0. 2.89106388e+01 3.27491341e+01
    1.16162138e+01 3.97103786e+00 2.08466225e+01 0. 0. 0. 9.84541702e+00
    0. 0. 0. 1.22100134e+01 6.78098440e+00 3.04852700e+00 0.
    4.30505037e+00 2.96369839e+00 0. 0. 0. 0. 0. 0. 0. 0. 0. 0.</data></globfeat>
</opencv_storage>
