<?xml version="1.0"?>
<opencv_storage>
<globfeat type_id="opencv-matrix">
  <rows>1</rows>
  <cols>64</cols>
  <dt>f</dt>
  <data>
    0. 4.55014229e+00 7.02524900e+00 0. 1.06845665e+01 6.66785240e+00
    9.34566212e+00 4.37411118e+00 0. 0. 0. 0. 0. 0. 0. 0. 0. 0. 0. 0. 0.
    0. 0. 0. 0. 0. 0. 0. 0. 0. 0. 0. 1.11859894e+01 3.52435989e+01
    2.61219788e+01 1.26049080e+01 3.67425346e+01 3.81561165e+01
    2.93705559e+01 7.33463764e+00 5.27027035e+00 3.72866297e+00 0. 0. 0.
    0. 0. 0. 3.74466586e+00 2.84850645e+00 0. 0. 0. 0. 0. 0. 0. 0. 0. 0.
    0. 0. 0. 0.</data></globfeat>
</opencv_storage>
