<?xml version="1.0"?>
<opencv_storage>
<globfeat type_id="opencv-matrix">
  <rows>1</rows>
  <cols>64</cols>
  <dt>f</dt>
  <data>
    1.13508205e+01 5.14721441e+00 0. 0. 9.15719032e+00 2.25561180e+01
    1.21377239e+01 6.43536520e+00 5.10948610e+00 0. 0. 0. 0. 0. 0. 0.
    3.05599022e+00 0. 0. 0. 0. 0. 0. 0. 0. 0. 0. 0. 0. 0. 0. 0.
    1.39810200e+01 0. 0. 0. 2.87812824e+01 2.07074318e+01 1.60938034e+01
    1.73657856e+01 5.15529900e+01 4.53278255e+00 0. 0. 3.86984277e+00 0.
    0. 0. 1.17981701e+01 1.13669901e+01 0. 0. 0. 0. 0. 0. 0. 0. 0. 0. 0.
    0. 0. 0.</data></globfeat>
</opencv_storage>
