<?xml version="1.0"?>
<opencv_storage>
<globfeat type_id="opencv-matrix">
  <rows>1</rows>
  <cols>64</cols>
  <dt>f</dt>
  <data>
    0. 3.58150625e+00 6.66603136e+00 6.61201191e+00 3.66793776e+00
    1.66218624e+01 2.99377193e+01 9.78837013e+00 4.39180183e+00 0. 0. 0.
    0. 0. 0. 0. 0. 0. 0. 0. 0. 0. 0. 0. 0. 0. 0. 0. 0. 0. 0. 0.
    7.47092485e+00 8.76739788e+00 0. 0. 5.93514481e+01 4.28214188e+01
    7.23323822e+00 4.30537033e+00 1.98738499e+01 0. 0. 0. 4.23514462e+00
    0. 0. 0. 0. 3.48967290e+00 4.52144909e+00 8.47028923e+00
    3.19256449e+00 0. 0. 0. 0. 0. 0. 0. 0. 0. 0. 0.</data></globfeat>
</opencv_storage>
