<?xml version="1.0"?>
<opencv_storage>
<globfeat type_id="opencv-matrix">
  <rows>1</rows>
  <cols>64</cols>
  <dt>f</dt>
  <data>
    1.27222233e+01 0. 0. 3.39369297e+00 4.32874632e+00 3.99322724e+00
    1.69849663e+01 1.44493217e+01 0. 0. 0. 0. 0. 0. 0. 0. 0. 0. 0. 0. 0.
    0. 0. 0. 0. 0. 0. 0. 0. 0. 0. 0. 9.98306751e+00 3.82821774e+00 0. 0.
    2.88381405e+01 6.07784576e+01 1.99331341e+01 6.96339607e+00
    3.45254631e+01 0. 0. 0. 9.19102287e+00 0. 0. 0. 8.45948124e+00
    5.95683908e+00 0. 5.98434067e+00 0. 4.68626642e+00 0. 0. 0. 0. 0. 0.
    0. 0. 0. 0.</data></globfeat>
</opencv_storage>
