<?xml version="1.0"?>
<opencv_storage>
<globfeat type_id="opencv-matrix">
  <rows>1</rows>
  <cols>64</cols>
  <dt>f</dt>
  <data>
    1.75863972e+01 6.63419151e+00 3.19852948e+00 0. 1.33511028e+01
    1.86341915e+01 2.13143387e+01 9.20955944e+00 1.33014708e+01 0. 0. 0.
    9.14889717e+00 0. 0. 0. 0. 0. 0. 0. 0. 0. 0. 0. 0. 0. 0. 0. 0. 0. 0.
    0. 1.67371330e+01 0. 0. 0. 3.79632378e+01 2.43143387e+01
    1.07977943e+01 0. 8.13970566e+00 0. 0. 0. 4.90257359e+00 0. 0. 0.
    1.54191179e+01 1.58492651e+01 0. 0. 3.28125000e+00 5.21691179e+00 0.
    0. 0. 0. 0. 0. 0. 0. 0. 0.</data></globfeat>
</opencv_storage>
