<?xml version="1.0"?>
<opencv_storage>
<globfeat type_id="opencv-matrix">
  <rows>1</rows>
  <cols>64</cols>
  <dt>f</dt>
  <data>
    3.06757379e+00 5.91830206e+00 6.62172842e+00 2.68677163e+00
    8.25600433e+00 2.28692913e+01 1.34603024e+01 4.91869593e+00
    8.52045059e+00 0. 0. 0. 0. 0. 0. 0. 0. 0. 0. 0. 0. 0. 0. 0. 0. 0. 0.
    0. 0. 0. 0. 0. 1.94685154e+01 2.91895523e+01 6.88617420e+00 0.
    5.26088905e+01 2.73014069e+01 2.38477421e+01 9.53592300e+00
    6.99195290e+00 0. 0. 0. 0. 0. 0. 0. 2.85072803e+00 0. 0. 0. 0. 0. 0.
    0. 0. 0. 0. 0. 0. 0. 0. 0.</data></globfeat>
</opencv_storage>
