<?xml version="1.0"?>
<opencv_storage>
<globfeat type_id="opencv-matrix">
  <rows>1</rows>
  <cols>64</cols>
  <dt>f</dt>
  <data>
    4.57999754e+00 0. 0. 0. 8.59829712e+00 1.26003933e+01 1.29838610e+01
    9.74329662e+00 2.11932907e+01 0. 0. 0. 3.66723847e+00 0. 0. 0. 0. 0.
    0. 0. 0. 0. 0. 0. 0. 0. 0. 0. 0. 0. 0. 0. 4.31535149e+00 0. 0. 0.
    5.37285538e+01 2.27271576e+01 2.16415672e+01 5.67098713e+00
    5.11523056e+01 0. 0. 0. 8.52808475e+00 0. 0. 0. 0. 2.74907851e+00 0.
    0. 3.42419624e+00 3.61322904e+00 4.08311081e+00 0. 0. 0. 0. 0. 0. 0.
    0. 0.</data></globfeat>
</opencv_storage>
