<?xml version="1.0"?>
<opencv_storage>
<globfeat type_id="opencv-matrix">
  <rows>1</rows>
  <cols>64</cols>
  <dt>f</dt>
  <data>
    1.12175083e+01 1.21172514e+01 0. 0. 8.94951630e+00 8.69396782e+00
    9.01872730e+00 9.70018959e+00 1.20001249e+01 0. 0. 0. 4.62116623e+00
    0. 0. 0. 4.29108286e+00 0. 0. 0. 0. 0. 0. 0. 0. 0. 0. 0. 0. 0. 0. 0.
    3.09107037e+01 3.84919715e+00 0. 0. 6.27051773e+01 1.90649719e+01
    1.04455395e+01 2.91218638e+00 3.74644547e+01 0. 0. 0. 3.66818380e+00
    0. 0. 0. 0. 3.37004399e+00 0. 0. 0. 0. 0. 0. 0. 0. 0. 0. 0. 0. 0. 0.</data></globfeat>
</opencv_storage>
