<?xml version="1.0"?>
<opencv_storage>
<globfeat type_id="opencv-matrix">
  <rows>1</rows>
  <cols>64</cols>
  <dt>f</dt>
  <data>
    2.72874022e+00 4.19407892e+00 6.05811357e+00 4.41672754e+00
    9.56353569e+00 1.56009378e+01 7.33704901e+00 3.63486838e+00 0. 0. 0.
    0. 0. 0. 0. 0. 0. 0. 0. 0. 0. 0. 0. 0. 0. 0. 0. 0. 0. 0. 0. 0.
    1.74131947e+01 3.60794334e+01 1.81380959e+01 5.99597931e+00
    4.87393379e+01 2.57961731e+01 2.15865612e+01 1.30482454e+01 0. 0. 0.
    0. 0. 0. 0. 0. 3.79538250e+00 3.32419586e+00 0. 7.54934168e+00 0. 0.
    0. 0. 0. 0. 0. 0. 0. 0. 0. 0.</data></globfeat>
</opencv_storage>
