<?xml version="1.0"?>
<opencv_storage>
<globfeat type_id="opencv-matrix">
  <rows>1</rows>
  <cols>64</cols>
  <dt>f</dt>
  <data>
    4.15321875e+00 0. 6.58184195e+00 0. 3.71661234e+00 1.37149000e+01
    2.51539879e+01 1.31527691e+01 3.05624509e+00 0. 0. 0. 0. 0. 0. 0. 0.
    0. 0. 0. 0. 0. 0. 0. 0. 0. 0. 0. 0. 0. 0. 0. 8.20820141e+00
    1.52866831e+01 3.88033986e+00 4.15321875e+00 5.23818588e+01
    4.99204903e+01 1.11280069e+01 4.81904364e+00 1.99256268e+01 0. 0. 0.
    3.24726033e+00 0. 0. 0. 0. 0. 4.40426731e+00 5.33205605e+00
    2.78336596e+00 0. 0. 0. 0. 0. 0. 0. 0. 0. 0. 0.</data></globfeat>
</opencv_storage>
