<?xml version="1.0"?>
<opencv_storage>
<globfeat type_id="opencv-matrix">
  <rows>1</rows>
  <cols>64</cols>
  <dt>f</dt>
  <data>
    2.78703308e+00 3.85314083e+00 7.26793289e+00 7.58722401e+00
    4.16160870e+00 1.65219650e+01 3.07980690e+01 1.31071730e+01
    4.55125237e+00 0. 0. 0. 0. 0. 0. 0. 0. 0. 0. 0. 0. 0. 0. 0. 0. 0. 0.
    0. 0. 0. 0. 0. 5.39006805e+00 3.87478781e+00 0. 0. 4.31800728e+01
    5.55350189e+01 1.07855473e+01 4.47007656e+00 1.74473686e+01 0. 0. 0.
    6.95405340e+00 0. 0. 0. 0. 3.84231758e+00 4.10749149e+00
    8.77780151e+00 0. 0. 0. 0. 0. 0. 0. 0. 0. 0. 0. 0.</data></globfeat>
</opencv_storage>
