<?xml version="1.0"?>
<opencv_storage>
<globfeat type_id="opencv-matrix">
  <rows>1</rows>
  <cols>64</cols>
  <dt>f</dt>
  <data>
    1.47907934e+01 6.87956524e+00 0. 0. 1.29392290e+01 2.17518063e+01
    2.00305576e+01 6.53205729e+00 3.45281410e+01 0. 0. 0. 8.07412243e+00
    0. 0. 0. 0. 0. 0. 0. 3.23616481e+00 0. 0. 0. 0. 0. 0. 0. 0. 0. 0. 0.
    1.13102875e+01 0. 0. 0. 1.85645084e+01 1.22442141e+01 1.15600586e+01
    0. 3.11399403e+01 0. 0. 0. 2.24739704e+01 0. 0. 0. 8.95918083e+00
    6.77639866e+00 0. 0. 3.20901585e+00 0. 0. 0. 0. 0. 0. 0. 0. 0. 0. 0.</data></globfeat>
</opencv_storage>
