<?xml version="1.0"?>
<opencv_storage>
<globfeat type_id="opencv-matrix">
  <rows>1</rows>
  <cols>64</cols>
  <dt>f</dt>
  <data>
    1.38230114e+01 3.97959185e+00 2.96622086e+00 0. 6.20689631e+00
    1.04873323e+01 4.75017595e+00 0. 0. 0. 0. 0. 0. 0. 0. 0. 0. 0. 0. 0.
    0. 0. 0. 0. 0. 0. 0. 0. 0. 0. 0. 0. 1.35221672e+01 1.78078804e+01
    7.40499640e+00 3.43596053e+00 7.13212509e+01 4.69475708e+01
    2.76935253e+01 5.19880342e+00 7.63722706e+00 2.79204774e+00 0. 0. 0.
    0. 0. 0. 4.52322292e+00 0. 0. 4.50211096e+00 0. 0. 0. 0. 0. 0. 0. 0.
    0. 0. 0. 0.</data></globfeat>
</opencv_storage>
