<?xml version="1.0"?>
<opencv_storage>
<globfeat type_id="opencv-matrix">
  <rows>1</rows>
  <cols>64</cols>
  <dt>f</dt>
  <data>
    1.10156746e+01 1.98614330e+01 1.23390551e+01 8.66359234e+00
    1.67056770e+01 2.65051270e+01 2.74748917e+01 2.31189861e+01
    1.40964193e+01 0. 0. 0. 6.45081329e+00 0. 0. 0. 3.07538772e+00 0. 0.
    0. 0. 0. 0. 0. 0. 0. 0. 0. 0. 0. 0. 0. 1.13800058e+01 0. 0. 0.
    2.29314613e+01 1.18782825e+01 1.26498089e+01 6.33829880e+00
    6.60618973e+00 0. 0. 0. 4.43091583e+00 0. 0. 0. 5.36317587e+00
    4.11480427e+00 0. 0. 0. 0. 0. 0. 0. 0. 0. 0. 0. 0. 0. 0.</data></globfeat>
</opencv_storage>
