<?xml version="1.0"?>
<opencv_storage>
<globfeat type_id="opencv-matrix">
  <rows>1</rows>
  <cols>64</cols>
  <dt>f</dt>
  <data>
    3.82207417e+00 6.28065586e+00 3.24232149e+00 0. 6.28602362e+00
    2.50259972e+01 2.48864269e+01 0. 8.01454639e+00 0. 0. 0.
    5.18019915e+00 0. 0. 0. 0. 0. 0. 0. 0. 0. 0. 0. 0. 0. 0. 0. 0. 0. 0.
    0. 1.57714243e+01 3.27452993e+00 3.69860840e+00 0. 5.77659302e+01
    3.11026669e+01 5.85657740e+00 0. 4.38733330e+01 0. 0. 0.
    4.57897377e+00 0. 0. 0. 2.90413237e+00 3.43557239e+00 0. 0. 0. 0. 0.
    0. 0. 0. 0. 0. 0. 0. 0. 0.</data></globfeat>
</opencv_storage>
