<?xml version="1.0"?>
<opencv_storage>
<globfeat type_id="opencv-matrix">
  <rows>1</rows>
  <cols>64</cols>
  <dt>f</dt>
  <data>
    6.54176140e+00 4.33257627e+00 3.27624273e+00 0. 6.41307116e+00
    1.70246658e+01 1.49441710e+01 2.91698217e+00 5.39427233e+00 0. 0. 0.
    8.35951328e+00 0. 0. 0. 0. 0. 0. 0. 0. 0. 0. 0. 2.83655071e+00 0. 0.
    0. 4.55778456e+00 0. 0. 0. 1.78772392e+01 0. 0. 0. 7.21738586e+01
    1.88531418e+01 3.12074184e+00 0. 4.74170456e+01 0. 0. 0.
    1.53302422e+01 0. 0. 0. 3.63014126e+00 0. 0. 0. 0. 0. 0. 0. 0. 0. 0.
    0. 0. 0. 0. 0.</data></globfeat>
</opencv_storage>
