<?xml version="1.0"?>
<opencv_storage>
<globfeat type_id="opencv-matrix">
  <rows>1</rows>
  <cols>64</cols>
  <dt>f</dt>
  <data>
    6.36310863e+00 7.50466299e+00 8.30269432e+00 8.38196850e+00
    9.53409290e+00 4.56621742e+00 4.09585476e+00 8.75720215e+00
    2.89088082e+00 0. 0. 0. 0. 0. 0. 0. 0. 0. 0. 0. 0. 0. 0. 0. 0. 0. 0.
    0. 0. 0. 0. 0. 3.62179260e+01 2.96222782e+01 9.19056988e+00
    4.54507732e+00 5.99527435e+01 1.52735748e+01 1.14683933e+01
    8.89461136e+00 0. 0. 0. 0. 0. 0. 0. 0. 3.05471492e+00 8.13885975e+00
    4.11699486e+00 4.12756443e+00 0. 0. 0. 0. 0. 0. 0. 0. 0. 0. 0. 0.</data></globfeat>
</opencv_storage>
