<?xml version="1.0"?>
<opencv_storage>
<globfeat type_id="opencv-matrix">
  <rows>1</rows>
  <cols>64</cols>
  <dt>f</dt>
  <data>
    1.60825462e+01 8.31238842e+00 2.92262053e+00 0. 1.52312450e+01
    2.05776348e+01 2.09029732e+01 6.26818085e+00 3.38351631e+01 0. 0. 0.
    7.14117098e+00 0. 0. 0. 4.12637138e+00 0. 0. 0. 0. 0. 0. 0. 0. 0. 0.
    0. 0. 0. 0. 0. 8.31238842e+00 0. 0. 0. 1.66464653e+01 1.15874586e+01
    1.14139452e+01 0. 3.92791519e+01 0. 0. 0. 1.57192526e+01 0. 0. 0.
    7.73762417e+00 8.90341949e+00 0. 0. 0. 0. 0. 0. 0. 0. 0. 0. 0. 0. 0.
    0.</data></globfeat>
</opencv_storage>
