<?xml version="1.0"?>
<opencv_storage>
<globfeat type_id="opencv-matrix">
  <rows>1</rows>
  <cols>64</cols>
  <dt>f</dt>
  <data>
    6.62751532e+00 0. 0. 5.09351826e+00 1.03868885e+01 1.59233217e+01
    1.87860622e+01 7.52414751e+00 1.02680578e+01 2.80872703e+00 0. 0.
    8.61522961e+00 0. 0. 0. 0. 0. 0. 0. 0. 0. 0. 0. 0. 0. 0. 0. 0. 0. 0.
    0. 0. 2.76551580e+00 3.52711296e+00 0. 5.17075844e+01 4.24063759e+01
    9.73331928e+00 0. 4.10398216e+01 4.63980103e+00 0. 0. 9.97638226e+00
    0. 0. 0. 3.17062068e+00 0. 0. 0. 0. 0. 0. 0. 0. 0. 0. 0. 0. 0. 0. 0.</data></globfeat>
</opencv_storage>
