<?xml version="1.0"?>
<opencv_storage>
<globfeat type_id="opencv-matrix">
  <rows>1</rows>
  <cols>64</cols>
  <dt>f</dt>
  <data>
    6.64599380e+01 0. 0. 1.74537754e+01 0. 0. 0. 7.88135576e+00 0. 0.
    3.47457623e+00 5.95146370e+00 0. 0. 0. 0. 0. 0. 0. 9.24499226e+00 0.
    0. 0. 0. 0. 0. 0. 0. 0. 0. 0. 0. 0. 0. 0. 7.33436060e+00 0.
    4.04853630e+00 3.03158712e+00 1.05970726e+01 1.37249613e+01
    1.35130968e+01 1.10362091e+01 2.29314327e+01 2.63328190e+01
    1.47110939e+01 6.36363649e+00 5.15793514e+00 0. 0. 0. 5.75115538e+00
    0. 0. 0. 0. 0. 0. 0. 0. 0. 0. 0. 0.</data></globfeat>
</opencv_storage>
