<?xml version="1.0"?>
<opencv_storage>
<globfeat type_id="opencv-matrix">
  <rows>1</rows>
  <cols>64</cols>
  <dt>f</dt>
  <data>
    5.08966675e+01 0. 0. 5.84542370e+00 0. 0. 0. 5.53618193e+00 0.
    2.92648315e+00 3.35640454e+00 1.19586058e+01 0. 0. 0. 0. 0. 0. 0. 0.
    0. 0. 0. 0. 0. 0. 0. 0. 0. 0. 0. 0. 0. 0. 0. 2.90385556e+00
    6.09055424e+00 8.36838436e+00 5.58897924e+00 7.25209665e+00
    1.26412001e+01 9.31873703e+00 6.92022753e+00 1.58241272e+01
    6.30174370e+01 1.25695467e+01 6.50161982e+00 7.18798542e+00 0. 0. 0.
    0. 3.66564631e+00 0. 0. 0. 3.17161369e+00 0. 0. 0. 3.45822811e+00 0.
    0. 0.</data></globfeat>
</opencv_storage>
