<?xml version="1.0"?>
<opencv_storage>
<globfeat type_id="opencv-matrix">
  <rows>1</rows>
  <cols>64</cols>
  <dt>f</dt>
  <data>
    6.80164032e+01 0. 0. 7.19107580e+00 0. 0. 0. 7.74964380e+00 0. 0. 0.
    1.02885895e+01 0. 0. 0. 0. 0. 0. 0. 4.20293188e+00 0. 0. 0. 0. 0. 0.
    0. 0. 0. 0. 0. 0. 0. 0. 0. 5.01930046e+00 0. 3.29672360e+00
    6.52313757e+00 1.57609940e+01 1.52063322e+01 1.54016361e+01
    1.09721518e+01 2.49636974e+01 3.61467781e+01 1.28431597e+01
    4.46854448e+00 3.68733048e+00 0. 0. 0. 3.26156878e+00 0. 0. 0. 0. 0.
    0. 0. 0. 0. 0. 0. 0.</data></globfeat>
</opencv_storage>
