<?xml version="1.0"?>
<opencv_storage>
<globfeat type_id="opencv-matrix">
  <rows>1</rows>
  <cols>64</cols>
  <dt>f</dt>
  <data>
    4.96676483e+01 0. 0. 2.27667065e+01 0. 0. 0. 1.96480312e+01 0.
    8.13962841e+00 9.01497936e+00 2.39793148e+01 0. 0. 0. 0. 0. 0. 0.
    7.02175570e+00 0. 0. 0. 0. 0. 0. 0. 0. 0. 0. 0. 0. 0. 0. 0.
    5.03990030e+00 0. 0. 4.65717077e+00 9.58717823e+00 1.26528015e+01
    1.45058174e+01 6.54050207e+00 1.55251656e+01 2.77649231e+01
    8.38593864e+00 3.80076671e+00 3.02015066e+00 0. 0. 0. 3.28161907e+00
    0. 0. 0. 0. 0. 0. 0. 0. 0. 0. 0. 0.</data></globfeat>
</opencv_storage>
