<?xml version="1.0"?>
<opencv_storage>
<globfeat type_id="opencv-matrix">
  <rows>1</rows>
  <cols>64</cols>
  <dt>f</dt>
  <data>
    4.37721062e+01 0. 0. 8.01162148e+00 0. 0. 0. 1.22296610e+01 0.
    5.76048517e+00 7.48863029e+00 1.16043453e+01 0. 0. 0. 0. 0. 0. 0.
    4.46437597e+00 0. 0. 0. 0. 0. 0. 0. 0. 0. 0. 0. 0. 4.49848413e+00
    7.71601820e+00 0. 8.29206657e+00 4.07326927e+01 2.22650318e+01
    5.07832241e+00 5.65058088e+00 7.85245085e+00 6.21904993e+00 0.
    5.50277901e+00 2.86243057e+01 6.79888821e+00 4.80545712e+00 0. 0. 0.
    0. 3.86179876e+00 3.77084374e+00 0. 0. 0. 0. 0. 0. 0. 0. 0. 0. 0.</data></globfeat>
</opencv_storage>
