<?xml version="1.0"?>
<opencv_storage>
<globfeat type_id="opencv-matrix">
  <rows>1</rows>
  <cols>64</cols>
  <dt>f</dt>
  <data>
    6.59377441e+01 0. 0. 8.54615116e+00 0. 0. 0. 3.01941252e+00 0.
    8.33752346e+00 9.35410976e+00 3.25079966e+00 0. 0. 0. 0. 0. 0. 0.
    4.29773140e+00 0. 0. 0. 0. 0. 0. 0. 0. 0. 0. 0. 0. 0. 0. 0.
    4.29393816e+00 0. 0. 0. 5.81502438e+00 9.56653023e+00 7.88612843e+00
    6.64194870e+00 1.33218298e+01 5.41407967e+01 2.28162880e+01
    4.94637394e+00 3.93737459e+00 0. 0. 0. 0. 0. 0. 0. 0. 6.01606560e+00
    0. 0. 0. 9.97999287e+00 2.89423585e+00 0. 0.</data></globfeat>
</opencv_storage>
