<?xml version="1.0"?>
<opencv_storage>
<globfeat type_id="opencv-matrix">
  <rows>1</rows>
  <cols>64</cols>
  <dt>f</dt>
  <data>
    4.28905411e+01 0. 0. 1.38454199e+01 0. 0. 0. 8.81944370e+00 0. 0.
    3.13293219e+00 5.67913151e+00 0. 0. 0. 0. 0. 0. 0. 6.17730093e+00 0.
    0. 0. 0. 0. 0. 0. 0. 0. 0. 0. 0. 0. 0. 0. 7.53896379e+00 0.
    3.80453825e+00 3.90417218e+00 1.06645155e+01 1.61074772e+01
    1.31959543e+01 6.90056896e+00 1.85171413e+01 5.34960136e+01
    1.43583498e+01 5.87839890e+00 4.69386292e+00 0. 0. 0. 4.64220095e+00
    0. 0. 0. 0. 3.30267882e+00 3.88203120e+00 0. 3.56836915e+00 0. 0. 0.
    0.</data></globfeat>
</opencv_storage>
