<?xml version="1.0"?>
<opencv_storage>
<globfeat type_id="opencv-matrix">
  <rows>1</rows>
  <cols>64</cols>
  <dt>f</dt>
  <data>
    4.36404381e+01 0. 0. 1.02528067e+01 0. 0. 0. 9.25988007e+00 0. 0. 0.
    8.98840618e+00 0. 0. 0. 0. 0. 0. 0. 6.65670109e+00 0. 0. 0. 0. 0. 0.
    0. 0. 0. 0. 0. 0. 0. 0. 0. 6.87239313e+00 0. 3.74857807e+00
    4.68200350e+00 1.40608864e+01 1.70247917e+01 1.52583485e+01
    6.59719992e+00 1.53104124e+01 6.94751358e+01 8.61280441e+00
    4.12046051e+00 3.22794223e+00 0. 0. 0. 3.71138978e+00 0. 0. 0. 0. 0.
    0. 0. 0. 0. 0. 0. 3.49941659e+00</data></globfeat>
</opencv_storage>
