<?xml version="1.0"?>
<opencv_storage>
<globfeat type_id="opencv-matrix">
  <rows>1</rows>
  <cols>64</cols>
  <dt>f</dt>
  <data>
    5.36435509e+01 0. 0. 3.22626472e+00 0. 0. 0. 8.29190540e+00
    3.03864837e+00 3.48377728e+00 3.26673102e+00 6.64750338e+00 0. 0. 0.
    0. 0. 0. 0. 0. 0. 0. 0. 0. 0. 0. 0. 0. 0. 0. 0. 0. 0. 0. 0. 0.
    2.87567978e+01 2.55084610e+01 0. 0. 2.79180431e+01 8.25511742e+00
    3.70450234e+00 0. 5.62554626e+01 3.14165354e+00 0. 0. 0. 0. 0. 0.
    5.77931833e+00 0. 0. 0. 8.06750107e+00 0. 0. 2.84735346e+00
    3.16740465e+00 0. 0. 0.</data></globfeat>
</opencv_storage>
