<?xml version="1.0"?>
<opencv_storage>
<globfeat type_id="opencv-matrix">
  <rows>1</rows>
  <cols>64</cols>
  <dt>f</dt>
  <data>
    4.23647614e+01 0. 0. 9.06341457e+00 0. 0. 0. 1.97895412e+01
    6.58202410e+00 9.05979252e+00 7.61080503e+00 1.18020000e+01 0. 0. 0.
    0. 0. 0. 0. 3.27108836e+00 0. 0. 0. 0. 0. 0. 0. 0. 0. 0. 0. 0. 0. 0.
    0. 3.37251759e+00 4.16221571e+00 0. 0. 3.79272389e+00 3.06931705e+01
    5.15839434e+00 4.07889891e+00 6.46610498e+00 3.31818047e+01
    3.13705707e+00 0. 0. 0. 0. 0. 3.36889505e+00 9.08877182e+00
    5.51339626e+00 0. 0. 1.46130352e+01 5.36487484e+00 0. 0.
    1.03059206e+01 3.15879202e+00 0. 0.</data></globfeat>
</opencv_storage>
