<?xml version="1.0"?>
<opencv_storage>
<globfeat type_id="opencv-matrix">
  <rows>1</rows>
  <cols>64</cols>
  <dt>f</dt>
  <data>
    5.29737968e+01 0. 0. 0. 0. 0. 0. 3.22327328e+00 7.95123243e+00
    1.29852915e+01 1.12814560e+01 1.06581917e+01 2.88029337e+00 0. 0. 0.
    0. 0. 0. 0. 0. 0. 0. 0. 0. 0. 0. 0. 0. 0. 0. 0. 0. 0. 0. 0. 0. 0. 0.
    0. 1.82295647e+01 1.78275776e+01 8.51548958e+00 7.25052071e+00
    6.28833313e+01 0. 0. 0. 0. 0. 0. 3.20852137e+00 5.63150835e+00
    3.00199580e+00 0. 0. 1.25980568e+01 7.94385672e+00 0. 0.
    5.95604849e+00 0. 0. 0.</data></globfeat>
</opencv_storage>
