<?xml version="1.0"?>
<opencv_storage>
<globfeat type_id="opencv-matrix">
  <rows>1</rows>
  <cols>64</cols>
  <dt>f</dt>
  <data>
    6.44888535e+01 0. 0. 1.58339033e+01 0. 0. 0. 1.00751085e+01 0.
    3.62659407e+00 3.77862930e+00 1.09502382e+01 0. 0. 0. 0. 0. 0. 0.
    1.51108093e+01 0. 0. 0. 0. 0. 0. 0. 0. 0. 0. 0. 0. 0. 0. 0.
    5.41764212e+00 0. 0. 0. 5.37685251e+00 1.34717960e+01 1.83035469e+01
    1.12580166e+01 1.80550995e+01 2.56568565e+01 8.97378063e+00
    5.87374783e+00 0. 0. 0. 0. 3.99741149e+00 2.87383485e+00 0. 0. 0.
    3.59692883e+00 4.77983618e+00 0. 3.50051618e+00 0. 0. 0. 0.</data></globfeat>
</opencv_storage>
