<?xml version="1.0"?>
<opencv_storage>
<globfeat type_id="opencv-matrix">
  <rows>1</rows>
  <cols>64</cols>
  <dt>f</dt>
  <data>
    6.33286476e+01 0. 0. 0. 0. 0. 0. 1.12540245e+01 5.87009954e+00
    6.73440838e+00 1.22371769e+01 2.89003353e+01 3.72013044e+00 0. 0. 0.
    0. 0. 0. 0. 0. 0. 0. 0. 0. 0. 0. 0. 0. 0. 0. 0. 0. 0. 0. 0.
    4.54842663e+00 0. 0. 4.89054918e+00 2.06713924e+01 5.53517962e+00
    6.31305790e+00 1.36020651e+01 2.85726185e+01 2.91344190e+00
    2.93504977e+00 4.02984142e+00 0. 0. 0. 0. 4.28913403e+00 0. 0. 0.
    1.05625772e+01 2.98546767e+00 0. 0. 1.11063719e+01 0. 0. 0.</data></globfeat>
</opencv_storage>
