<?xml version="1.0"?>
<opencv_storage>
<globfeat type_id="opencv-matrix">
  <rows>1</rows>
  <cols>64</cols>
  <dt>f</dt>
  <data>
    8.00339031e+00 2.89585876e+00 0. 0. 2.28062134e+01 2.79508710e+00 0.
    0. 2.59566536e+01 3.35728693e+00 0. 0. 2.77387218e+01 0. 0. 0. 0. 0.
    0. 0. 3.74446225e+00 5.17648029e+00 2.93298531e+00 0. 3.80810738e+00
    3.65960193e+00 0. 0. 8.12537670e+00 0. 0. 0. 5.87127447e+00
    1.30313644e+01 0. 0. 7.64167328e+01 3.22098007e+01 0. 0.
    6.47060013e+00 0. 0. 0. 0. 0. 0. 0. 0. 0. 0. 0. 0. 0. 0. 0. 0. 0. 0.
    0. 0. 0. 0. 0.</data></globfeat>
</opencv_storage>
