<?xml version="1.0"?>
<opencv_storage>
<globfeat type_id="opencv-matrix">
  <rows>1</rows>
  <cols>64</cols>
  <dt>f</dt>
  <data>
    4.86857700e+00 0. 0. 0. 0. 0. 3.87173057e+00 6.68603230e+00 0. 0. 0.
    7.34141779e+00 0. 0. 0. 4.10304308e+00 0. 0. 0. 0. 0. 0. 0. 0. 0. 0.
    0. 0. 0. 0. 0. 0. 1.02989130e+01 3.42232323e+01 0. 0. 5.10594788e+01
    9.43975258e+00 0. 0. 1.82241192e+01 0. 0. 0. 7.55070066e+00 0. 0. 0.
    1.44350014e+01 1.56962051e+01 0. 0. 2.21949844e+01 0. 0. 0.
    1.30195885e+01 0. 5.29265022e+00 1.22595625e+01 0. 3.97086453e+00
    4.80248785e+00 5.66164875e+00</data></globfeat>
</opencv_storage>
