<?xml version="1.0"?>
<opencv_storage>
<globfeat type_id="opencv-matrix">
  <rows>1</rows>
  <cols>64</cols>
  <dt>f</dt>
  <data>
    3.54099083e+00 7.52528143e+00 0. 0. 7.36850452e+00 4.47083902e+00
    4.01672697e+00 1.07689371e+01 4.86548376e+00 3.17337656e+00 0. 0.
    4.61139727e+00 0. 0. 0. 0. 0. 0. 0. 0. 0. 0. 0. 0. 0. 0. 0. 0. 0. 0.
    0. 1.50829992e+01 1.29746227e+01 7.48203230e+00 0. 3.30150108e+01 0.
    0. 0. 4.60490990e+01 0. 0. 0. 6.57921505e+00 0. 0. 0. 7.84424067e+00
    7.16307306e+00 3.80048323e+00 0. 1.63642426e+01 2.82738662e+00 0. 0.
    1.15095720e+01 0. 5.42771721e+00 0. 1.69372883e+01 7.87127113e+00
    3.73020411e+00 0.</data></globfeat>
</opencv_storage>
