<?xml version="1.0"?>
<opencv_storage>
<globfeat type_id="opencv-matrix">
  <rows>1</rows>
  <cols>64</cols>
  <dt>f</dt>
  <data>
    1.56660509e+01 4.32731724e+00 0. 0. 4.67603874e+00 2.73693585e+00 0.
    0. 2.00039368e+01 1.02503004e+01 1.05831709e+01 5.24667406e+00
    1.31087599e+01 3.65100884e+00 0. 0. 0. 0. 0. 0. 0. 0. 0. 0. 0. 0. 0.
    0. 0. 0. 0. 0. 3.26530170e+00 0. 0. 0. 3.04074612e+01 0. 0. 0.
    2.73693585e+00 0. 0. 0. 2.92714763e+00 0. 0. 0. 8.64406776e+00 0. 0.
    0. 2.46271381e+01 0. 0. 0. 4.12918015e+01 3.56647038e+00 0. 0.
    3.27851105e+01 1.44983625e+01 0. 0.</data></globfeat>
</opencv_storage>
