<?xml version="1.0"?>
<opencv_storage>
<globfeat type_id="opencv-matrix">
  <rows>1</rows>
  <cols>64</cols>
  <dt>f</dt>
  <data>
    2.71796298e+00 0. 0. 0. 4.89025450e+00 0. 0. 0. 1.66819515e+01
    6.74553728e+00 6.29860640e+00 0. 7.17687702e+00 0. 0. 0. 0. 0. 0. 0.
    0. 0. 0. 0. 0. 0. 0. 0. 0. 0. 0. 0. 9.37515354e+00 7.60821724e+00 0.
    0. 4.44852066e+01 0. 0. 0. 3.18672066e+01 0. 0. 0. 9.92602158e+00 0.
    0. 0. 1.05184641e+01 3.45072150e+00 0. 0. 2.49189911e+01 0. 0. 0.
    2.11148815e+01 4.09513330e+00 0. 0. 3.42577667e+01 8.87105656e+00 0.
    0.</data></globfeat>
</opencv_storage>
