<?xml version="1.0"?>
<opencv_storage>
<globfeat type_id="opencv-matrix">
  <rows>1</rows>
  <cols>64</cols>
  <dt>f</dt>
  <data>
    7.21305132e+00 0. 0. 0. 0. 0. 0. 5.99077892e+00 2.54101105e+01
    2.43029404e+01 1.85423641e+01 1.60978203e+01 1.21733942e+01
    6.00174093e+00 0. 0. 0. 0. 0. 0. 0. 0. 0. 0. 0. 0. 0. 0. 0. 0. 0. 0.
    0. 8.15579033e+00 3.14063716e+00 0. 2.66104584e+01 7.71182585e+00 0.
    0. 2.31519203e+01 0. 0. 0. 1.30996904e+01 0. 0. 0. 2.17049255e+01 0.
    0. 0. 1.14115295e+01 0. 0. 0. 8.00780201e+00 0. 2.82273650e+00 0.
    6.62109852e+00 2.89399004e+00 3.93538809e+00 0.</data></globfeat>
</opencv_storage>
