<?xml version="1.0"?>
<opencv_storage>
<globfeat type_id="opencv-matrix">
  <rows>1</rows>
  <cols>64</cols>
  <dt>f</dt>
  <data>
    0. 0. 0. 0. 0. 4.90998840e+00 0. 0. 6.48529911e+00 5.10649643e+01 0.
    0. 4.65555668e+00 0. 0. 0. 0. 0. 0. 0. 0. 0. 0. 0. 0. 0. 0. 0. 0. 0.
    0. 0. 0. 1.62186604e+01 0. 1.00094471e+01 1.37826138e+01
    4.78656197e+01 8.99713421e+00 0. 2.40140114e+01 1.37176523e+01 0. 0.
    8.19594574e+00 0. 0. 0. 0. 3.57828259e+00 0. 0. 4.52022076e+00
    3.83271432e+00 0. 0. 9.06209564e+00 4.87750769e+00 0. 0.
    1.56340094e+01 3.57828259e+00 0. 0.</data></globfeat>
</opencv_storage>
