<?xml version="1.0"?>
<opencv_storage>
<globfeat type_id="opencv-matrix">
  <rows>1</rows>
  <cols>64</cols>
  <dt>f</dt>
  <data>
    8.13537121e+00 0. 0. 0. 5.74448204e+00 0. 0. 0. 1.32715521e+01
    1.20602388e+01 1.30705481e+01 8.18826771e+00 1.30652590e+01
    6.35807323e+00 0. 0. 0. 0. 0. 0. 0. 0. 0. 0. 0. 0. 0. 0. 0. 0. 0. 0.
    2.75957298e+01 2.42262688e+01 2.46124077e+01 4.73946238e+00
    3.25520668e+01 8.70135593e+00 4.29513741e+00 0. 0. 0. 0. 0. 0. 0. 0.
    0. 1.67468052e+01 0. 0. 0. 8.84946442e+00 0. 0. 0. 6.11475277e+00 0.
    0. 0. 1.02723608e+01 6.40038967e+00 0. 0.</data></globfeat>
</opencv_storage>
