<?xml version="1.0"?>
<opencv_storage>
<globfeat type_id="opencv-matrix">
  <rows>1</rows>
  <cols>64</cols>
  <dt>f</dt>
  <data>
    0. 0. 0. 0. 0. 0. 0. 6.53987789e+00 1.28311968e+01 1.85535908e+01
    1.15497341e+01 2.05973015e+01 3.09318566e+00 4.99880886e+00
    3.18708587e+00 2.99928522e+00 0. 0. 0. 0. 0. 0. 0. 0. 0. 0. 0. 0. 0.
    0. 0. 0. 0. 2.09287148e+01 9.52811623e+00 0. 3.27656746e+01
    7.03699732e+00 0. 0. 5.19931335e+01 0. 0. 0. 2.26686306e+01 0. 0. 0.
    0. 2.86672020e+00 2.97166753e+00 0. 6.14770651e+00 0. 0. 0.
    6.49016619e+00 0. 0. 0. 7.25241566e+00 0. 0. 0.</data></globfeat>
</opencv_storage>
