<?xml version="1.0"?>
<opencv_storage>
<globfeat type_id="opencv-matrix">
  <rows>1</rows>
  <cols>64</cols>
  <dt>f</dt>
  <data>
    2.27445717e+01 7.85585546e+00 2.83238339e+00 0. 1.92174530e+01
    6.97941971e+00 3.56987166e+00 1.04103441e+01 1.11478329e+01
    4.82573986e+00 4.22185421e+00 0. 4.68679285e+00 0. 0. 0. 0. 0. 0. 0.
    0. 0. 0. 0. 0. 0. 0. 0. 0. 0. 0. 0. 6.35415792e+00 3.46833348e+00 0.
    0. 1.43275843e+01 0. 0. 0. 1.80684681e+01 0. 0. 0. 8.50783825e+00 0.
    0. 0. 2.47753372e+01 4.72420168e+00 0. 0. 1.42794867e+01 0. 0. 0.
    1.17624063e+01 0. 4.67610455e+00 3.16371870e+00 3.22036629e+01
    5.94800472e+00 4.24857473e+00 0.</data></globfeat>
</opencv_storage>
