<?xml version="1.0"?>
<opencv_storage>
<globfeat type_id="opencv-matrix">
  <rows>1</rows>
  <cols>64</cols>
  <dt>f</dt>
  <data>
    0. 0. 0. 0. 0. 0. 3.21203232e+00 4.77525949e+00 1.86617374e+01
    2.02477856e+01 2.55764503e+01 1.08056650e+01 4.21044397e+00
    4.19903326e+00 3.13215947e+00 0. 0. 0. 0. 0. 0. 0. 0. 0. 0. 0. 0. 0.
    9.25384808e+00 0. 0. 0. 0. 1.44741144e+01 0. 0. 4.15282135e+01
    1.20037584e+01 0. 0. 2.91935520e+01 0. 0. 0. 1.40918646e+01 0. 0. 0.
    0. 0. 0. 0. 9.73879051e+00 0. 0. 0. 1.31733265e+01 0. 0. 0.
    1.13761854e+01 5.34578037e+00 0. 0.</data></globfeat>
</opencv_storage>
