<?xml version="1.0"?>
<opencv_storage>
<globfeat type_id="opencv-matrix">
  <rows>1</rows>
  <cols>64</cols>
  <dt>f</dt>
  <data>
    0. 0. 0. 0. 0. 4.89126348e+00 0. 0. 6.58604336e+00 5.23343735e+01 0.
    0. 4.15650129e+00 0. 0. 0. 0. 0. 0. 0. 0. 0. 0. 0. 0. 0. 0. 0. 0. 0.
    0. 0. 0. 1.28985615e+01 0. 1.08283558e+01 1.32257185e+01
    4.85962029e+01 8.80641937e+00 0. 2.68536797e+01 1.46577005e+01 0. 0.
    7.14918184e+00 0. 0. 0. 0. 2.88005304e+00 0. 0. 4.11895847e+00
    4.29058170e+00 0. 0. 8.11456299e+00 5.36322737e+00 0. 0.
    1.54460945e+01 3.80252814e+00 0. 0.</data></globfeat>
</opencv_storage>
