<?xml version="1.0"?>
<opencv_storage>
<globfeat type_id="opencv-matrix">
  <rows>1</rows>
  <cols>64</cols>
  <dt>f</dt>
  <data>
    0. 1.54791803e+01 4.62507772e+00 0. 1.59021387e+01 0. 0.
    1.00466356e+01 5.90493917e+00 0. 0. 0. 7.56381512e+00 0. 0. 0. 0. 0.
    0. 0. 0. 0. 0. 0. 0. 0. 0. 0. 0. 0. 0. 0. 4.11752777e+01 0.
    3.32873774e+00 0. 9.28860664e+00 0. 0. 0. 3.10187817e+01 0. 0. 0.
    4.44380999e+00 0. 0. 0. 4.96619110e+01 2.93873715e+00 0. 0.
    1.27601614e+01 0. 0. 0. 9.76649475e+00 0. 4.19113350e+00 0.
    1.84343967e+01 5.08099413e+00 3.38916039e+00 0.</data></globfeat>
</opencv_storage>
