<?xml version="1.0"?>
<opencv_storage>
<globfeat type_id="opencv-matrix">
  <rows>1</rows>
  <cols>64</cols>
  <dt>f</dt>
  <data>
    6.36204433e+00 0. 0. 0. 0. 4.19542074e+00 0. 5.13815022e+00
    3.63309121e+00 1.15001945e+01 1.47969904e+01 2.11535206e+01 0.
    5.71701908e+00 2.78408360e+00 5.68945360e+00 0. 0. 0. 0. 0. 0. 0. 0.
    0. 0. 0. 0. 0. 0. 0. 0. 8.75470257e+00 5.15468931e+00 3.63860416e+00
    0. 2.90095978e+01 0. 0. 0. 4.97551537e+01 0. 0. 0. 3.36350365e+01 0.
    0. 0. 1.88270206e+01 0. 0. 0. 1.17096901e+01 0. 0. 0. 4.74121141e+00
    0. 0. 0. 3.42359567e+00 5.38072395e+00 0. 0.</data></globfeat>
</opencv_storage>
