<?xml version="1.0"?>
<opencv_storage>
<globfeat type_id="opencv-matrix">
  <rows>1</rows>
  <cols>64</cols>
  <dt>f</dt>
  <data>
    0. 0. 0. 0. 0. 0. 0. 4.19643450e+00 1.01358318e+01 1.42878599e+01
    1.40103178e+01 1.43322659e+01 3.43596935e+00 4.22418833e+00
    4.14092588e+00 0. 0. 0. 0. 0. 0. 0. 0. 0. 0. 0. 0. 0. 4.30745125e+00
    0. 0. 0. 0. 2.47345390e+01 7.99320793e+00 0. 3.58417664e+01
    6.60549831e+00 0. 0. 5.07846260e+01 0. 0. 0. 1.65970078e+01 0. 0. 0.
    0. 0. 0. 0. 8.63155460e+00 0. 0. 0. 7.62130213e+00 0. 2.95304632e+00
    0. 1.21119308e+01 8.05426693e+00 0. 0.</data></globfeat>
</opencv_storage>
