<?xml version="1.0"?>
<opencv_storage>
<globfeat type_id="opencv-matrix">
  <rows>1</rows>
  <cols>64</cols>
  <dt>f</dt>
  <data>
    1.87586823e+01 2.78694344e+00 0. 0. 5.43560314e+00 6.20679951e+00
    1.04510374e+01 3.59005117e+00 1.20093861e+01 1.80353527e+01
    2.54601097e+01 7.55240393e+00 1.14243402e+01 8.13213062e+00 0. 0.
    6.90353537e+00 0. 0. 0. 1.52218161e+01 0. 0. 0. 0. 0. 0. 0.
    3.99958277e+00 0. 0. 0. 9.47241592e+00 0. 0. 0. 1.31741581e+01 0. 0.
    0. 9.85535526e+00 0. 0. 0. 0. 0. 0. 0. 1.99181347e+01 4.73354864e+00
    0. 0. 1.99074974e+01 0. 0. 0. 7.33434153e+00 3.41453743e+00 0. 0.
    7.72791719e+00 3.49431634e+00 0. 0.</data></globfeat>
</opencv_storage>
