<?xml version="1.0"?>
<opencv_storage>
<globfeat type_id="opencv-matrix">
  <rows>1</rows>
  <cols>64</cols>
  <dt>f</dt>
  <data>
    3.68089509e+00 0. 0. 0. 3.44131017e+00 0. 0. 5.63024473e+00
    2.11542568e+01 6.27276802e+00 5.39065981e+00 1.67981682e+01
    9.14778614e+00 0. 0. 4.06749821e+00 0. 0. 0. 0. 0. 0. 0. 0. 0. 0. 0.
    0. 0. 0. 0. 0. 1.72555561e+01 6.05496359e+00 0. 0. 2.76502743e+01 0.
    0. 0. 4.88535347e+01 0. 0. 0. 1.47453604e+01 0. 0. 0. 6.67026091e+00
    0. 0. 0. 1.20554762e+01 0. 0. 0. 1.78762989e+01 0. 0. 0.
    1.96405163e+01 8.61416531e+00 0. 0.</data></globfeat>
</opencv_storage>
