<?xml version="1.0"?>
<opencv_storage>
<globfeat type_id="opencv-matrix">
  <rows>1</rows>
  <cols>64</cols>
  <dt>f</dt>
  <data>
    0. 0. 0. 0. 3.92171907e+00 0. 2.99506831e+00 7.54007053e+00
    1.90570183e+01 7.93720675e+00 1.75181160e+01 8.24608994e+00
    1.06785488e+01 0. 0. 0. 0. 0. 0. 0. 0. 0. 0. 0. 0. 0. 0. 0. 0. 0. 0.
    0. 1.02979603e+01 2.13405495e+01 1.33592176e+01 0. 2.96859245e+01
    6.87817669e+00 0. 0. 2.29125481e+01 0. 0. 0. 2.89578414e+00 0. 0. 0.
    7.74967003e+00 4.68841267e+00 0. 0. 1.54221191e+01 3.72866678e+00 0.
    0. 1.41038475e+01 0. 2.84062648e+00 0. 1.77277145e+01 3.47494102e+00
    0. 0.</data></globfeat>
</opencv_storage>
