<?xml version="1.0"?>
<opencv_storage>
<globfeat type_id="opencv-matrix">
  <rows>1</rows>
  <cols>64</cols>
  <dt>f</dt>
  <data>
    0. 0. 0. 0. 0. 2.82957506e+00 0. 2.97454381e+00 1.14256840e+01 0. 0.
    2.93159008e+00 5.15444374e+00 0. 0. 0. 0. 0. 0. 0. 0. 0. 0. 0. 0. 0.
    0. 0. 0. 0. 0. 0. 1.15813913e+01 4.96652174e+00 0. 0. 3.57643242e+01
    0. 0. 0. 5.49431496e+01 0. 0. 0. 1.71224194e+01 0. 0. 0.
    1.00189505e+01 6.87259197e+00 0. 0. 1.98231316e+01 0. 0. 0.
    1.31599398e+01 3.47388053e+00 5.04169035e+00 7.46857452e+00
    1.26767111e+01 1.25371113e+01 1.07813787e+01 3.45240355e+00</data></globfeat>
</opencv_storage>
