<?xml version="1.0"?>
<opencv_storage>
<globfeat type_id="opencv-matrix">
  <rows>1</rows>
  <cols>64</cols>
  <dt>f</dt>
  <data>
    1.29277039e+01 9.46715260e+00 0. 0. 8.34481144e+00 3.75152802e+00 0.
    3.87103653e+00 3.09630966e+01 6.56257629e+00 4.61406803e+00
    1.70637379e+01 1.24756498e+01 3.37741446e+00 3.20594573e+00
    3.61123562e+00 0. 0. 0. 0. 0. 0. 0. 0. 0. 0. 0. 0. 0. 0. 0. 0.
    8.50069237e+00 5.12327814e+00 0. 0. 2.76428394e+01 0. 0. 0.
    3.37533607e+01 0. 0. 0. 1.00387154e+01 0. 0. 0. 8.51108456e+00 0. 0.
    0. 1.01790075e+01 0. 0. 0. 1.15715418e+01 0. 0. 0. 1.15039930e+01
    7.93952227e+00 0. 0.</data></globfeat>
</opencv_storage>
