<?xml version="1.0"?>
<opencv_storage>
<globfeat type_id="opencv-matrix">
  <rows>1</rows>
  <cols>64</cols>
  <dt>f</dt>
  <data>
    6.38023186e+00 3.56466637e+01 0. 0. 0. 0. 0. 0. 7.49637032e+00
    6.73439121e+00 5.78996658e+00 6.83634615e+00 7.58759308e+00 0. 0. 0.
    3.04254971e+01 0. 0. 0. 0. 0. 0. 0. 0. 0. 0. 0. 0. 0. 0. 0.
    1.98543797e+01 5.73630619e+00 3.17670083e+00 0. 2.80322380e+01 0. 0.
    0. 8.16712666e+00 0. 0. 0. 0. 0. 0. 0. 9.25106812e+00 0. 0. 0.
    1.83572521e+01 0. 0. 0. 1.32219439e+01 0. 0. 0. 3.65320587e+01
    5.77386856e+00 0. 0.</data></globfeat>
</opencv_storage>
