<?xml version="1.0"?>
<opencv_storage>
<globfeat type_id="opencv-matrix">
  <rows>1</rows>
  <cols>64</cols>
  <dt>f</dt>
  <data>
    0. 0. 0. 0. 0. 4.18895578e+00 0. 0. 7.38437748e+00 5.04446945e+01 0.
    0. 4.75285387e+00 0. 0. 0. 0. 0. 0. 0. 0. 0. 0. 0. 0. 0. 0. 0. 0. 0.
    0. 0. 0. 1.54078388e+01 0. 1.08698034e+01 1.44411573e+01
    4.56542473e+01 8.54976654e+00 0. 2.88286095e+01 1.06549854e+01 0. 0.
    8.50680256e+00 0. 0. 0. 0. 3.20079184e+00 0. 0. 4.33932877e+00
    3.78080130e+00 0. 0. 9.00088501e+00 4.94619036e+00 0. 0.
    1.64174843e+01 3.63042831e+00 0. 0.</data></globfeat>
</opencv_storage>
