<?xml version="1.0"?>
<opencv_storage>
<globfeat type_id="opencv-matrix">
  <rows>1</rows>
  <cols>64</cols>
  <dt>f</dt>
  <data>
    5.35983181e+00 1.18876276e+01 0. 0. 7.90375233e+00 4.63985443e+00 0.
    6.99711370e+00 3.31616287e+01 1.51781912e+01 5.73848677e+00
    1.89807377e+01 1.58341703e+01 2.99723935e+00 0. 3.21056604e+00 0. 0.
    0. 0. 0. 0. 0. 0. 0. 0. 0. 0. 0. 0. 0. 0. 9.75969410e+00
    5.65848923e+00 0. 0. 2.63831730e+01 0. 0. 0. 2.02606983e+01 0. 0. 0.
    1.26182709e+01 0. 0. 0. 9.51436806e+00 0. 0. 0. 1.42128878e+01 0. 0.
    0. 9.89835644e+00 0. 0. 0. 5.60515738e+00 9.19971180e+00 0. 0.</data></globfeat>
</opencv_storage>
