<?xml version="1.0"?>
<opencv_storage>
<globfeat type_id="opencv-matrix">
  <rows>1</rows>
  <cols>64</cols>
  <dt>f</dt>
  <data>
    0. 0. 0. 0. 0. 3.95771718e+00 2.88806391e+00 4.72786760e+00
    1.54030075e+01 8.78720188e+00 7.36456299e+00 8.58931637e+00
    5.29478407e+00 2.93085003e+00 0. 0. 0. 0. 0. 0. 0. 0. 0. 0. 0. 0. 0.
    0. 0. 0. 0. 0. 8.08123112e+00 1.53923111e+01 3.18810177e+01
    8.25237560e+00 3.00946960e+01 8.65349483e+00 0. 0. 8.49839592e+00 0.
    0. 0. 1.01937962e+01 0. 0. 0. 1.04184237e+01 3.60473156e+00 0. 0.
    1.76439323e+01 0. 0. 0. 8.52513695e+00 0. 2.96828794e+00
    4.74391222e+00 1.31727810e+01 5.94192410e+00 4.23047876e+00
    2.75970554e+00</data></globfeat>
</opencv_storage>
