<?xml version="1.0"?>
<opencv_storage>
<globfeat type_id="opencv-matrix">
  <rows>1</rows>
  <cols>64</cols>
  <dt>f</dt>
  <data>
    0. 3.95518732e+00 0. 0. 5.22836113e+00 0. 0. 0. 3.70368347e+01
    1.97968082e+01 2.22022724e+01 1.26273785e+01 2.68410072e+01
    6.46500921e+00 3.41774106e+00 2.70288515e+00 0. 0. 0. 0. 0. 0. 0. 0.
    0. 0. 0. 0. 0. 0. 0. 0. 1.29404545e+01 0. 0. 0. 1.56120319e+01 0. 0.
    0. 4.35644569e+01 0. 0. 0. 4.29435253e+00 0. 0. 0. 3.59515047e+00 0.
    0. 0. 7.78514433e+00 0. 0. 0. 1.08689384e+01 0. 0. 0. 1.30865564e+01
    2.97943521e+00 0. 0.</data></globfeat>
</opencv_storage>
