<?xml version="1.0"?>
<opencv_storage>
<globfeat type_id="opencv-matrix">
  <rows>1</rows>
  <cols>64</cols>
  <dt>f</dt>
  <data>
    7.97250462e+00 0. 0. 0. 0. 0. 0. 0. 2.57304382e+01 1.99148788e+01
    1.40174103e+01 7.45374537e+00 8.66054249e+00 4.08454323e+00 0. 0. 0.
    0. 0. 0. 0. 0. 0. 0. 0. 0. 0. 0. 0. 0. 0. 0. 2.93235254e+00
    1.11724272e+01 3.12347436e+00 3.48387527e+00 2.61017609e+01
    7.05512047e+00 0. 0. 2.81822567e+01 0. 0. 0. 1.63709373e+01 0. 0. 0.
    2.91542473e+01 0. 0. 0. 9.27213192e+00 0. 0. 0. 1.10632153e+01 0.
    4.42310190e+00 0. 7.10426569e+00 3.13439560e+00 4.59238100e+00 0.</data></globfeat>
</opencv_storage>
