<?xml version="1.0"?>
<opencv_storage>
<globfeat type_id="opencv-matrix">
  <rows>1</rows>
  <cols>64</cols>
  <dt>f</dt>
  <data>
    0. 0. 0. 0. 0. 3.92191005e+00 4.45819330e+00 5.22740793e+00 0.
    7.21003056e+00 9.49058914e+00 6.90126181e+00 0. 0. 0. 0. 0. 0. 0. 0.
    0. 0. 0. 0. 0. 0. 0. 0. 0. 0. 0. 0. 1.67547894e+01 1.17115602e+01 0.
    0. 6.10875397e+01 1.09531794e+01 0. 0. 2.14784164e+01 0. 0. 0.
    6.94459772e+00 0. 0. 0. 8.66178799e+00 9.78852367e+00 4.00858212e+00
    0. 1.91057682e+01 4.99989367e+00 0. 0. 1.02002163e+01 3.81357002e+00
    2.88184547e+00 3.00101948e+00 7.77339888e+00 1.03193903e+01
    4.30651712e+00 0.</data></globfeat>
</opencv_storage>
