<?xml version="1.0"?>
<opencv_storage>
<globfeat type_id="opencv-matrix">
  <rows>1</rows>
  <cols>64</cols>
  <dt>f</dt>
  <data>
    0. 0. 0. 0. 0. 6.07830143e+00 0. 0. 4.92893076e+00 5.20584869e+01 0.
    0. 3.62452817e+00 0. 0. 0. 0. 0. 0. 0. 0. 0. 0. 0. 0. 0. 0. 0. 0. 0.
    0. 0. 0. 1.50487413e+01 0. 1.09377356e+01 1.23009424e+01
    5.04867897e+01 9.43553448e+00 3.28238988e+00 2.21213818e+01
    1.78018856e+01 0. 0. 5.04119492e+00 0. 0. 0. 0. 2.92421365e+00 0. 0.
    4.40503120e+00 3.85440230e+00 0. 0. 8.21666622e+00 5.56509399e+00 0.
    0. 1.31937103e+01 3.69402504e+00 0. 0.</data></globfeat>
</opencv_storage>
