<?xml version="1.0"?>
<opencv_storage>
<globfeat type_id="opencv-matrix">
  <rows>1</rows>
  <cols>64</cols>
  <dt>f</dt>
  <data>
    0. 0. 0. 0. 0. 4.10928822e+00 2.96722627e+00 4.63762522e+00
    1.46066513e+01 8.87499523e+00 7.23127985e+00 8.75224972e+00
    5.05922747e+00 2.76443005e+00 0. 0. 0. 0. 0. 0. 0. 0. 0. 0. 0. 0. 0.
    0. 0. 0. 0. 0. 7.77028990e+00 1.62503662e+01 3.38509293e+01
    7.37537146e+00 2.92293129e+01 8.26126957e+00 0. 0. 8.22924995e+00 0.
    0. 0. 9.19519901e+00 0. 0. 0. 1.00597506e+01 3.82110429e+00 0. 0.
    1.84224186e+01 0. 0. 0. 9.22721958e+00 0. 3.00992012e+00
    4.70700264e+00 1.39182119e+01 5.71564627e+00 4.17866564e+00
    2.77510357e+00</data></globfeat>
</opencv_storage>
