<?xml version="1.0"?>
<opencv_storage>
<globfeat type_id="opencv-matrix">
  <rows>1</rows>
  <cols>64</cols>
  <dt>f</dt>
  <data>
    0. 0. 5.92725611e+00 0. 4.76406670e+00 5.57662964e+00 3.71218753e+00
    0. 2.06201725e+01 2.18223190e+01 1.13647480e+01 1.21160898e+01
    7.88074589e+00 0. 0. 0. 0. 0. 0. 0. 0. 0. 0. 0. 0. 0. 0. 0.
    5.66567755e+00 0. 0. 0. 0. 1.64404831e+01 3.61534767e+01 0.
    3.06770267e+01 8.23693752e+00 0. 0. 1.78374233e+01 0. 0. 0. 0. 0. 0.
    0. 4.82528734e+00 0. 0. 0. 1.69469433e+01 0. 0. 0. 1.52049417e+01 0.
    0. 0. 9.22759628e+00 0. 0. 0.</data></globfeat>
</opencv_storage>
