<?xml version="1.0"?>
<opencv_storage>
<globfeat type_id="opencv-matrix">
  <rows>1</rows>
  <cols>64</cols>
  <dt>f</dt>
  <data>
    0. 4.04969263e+00 0. 0. 9.00860596e+00 6.50563526e+00 0.
    9.30645466e+00 3.22825813e+01 9.53114700e+00 4.50952864e+00
    1.57755117e+01 1.15115776e+01 3.75706959e+00 3.33381152e+00
    5.46055317e+00 0. 0. 0. 0. 0. 0. 0. 0. 0. 0. 0. 0. 0. 0. 0. 0.
    1.58956966e+01 3.65778685e+00 0. 0. 3.15405731e+01 0. 0. 0.
    2.17690563e+01 0. 0. 0. 9.66700840e+00 0. 0. 0. 9.59907818e+00
    4.60358620e+00 0. 0. 1.75678272e+01 0. 0. 0. 1.00798159e+01 0. 0. 0.
    6.13985634e+00 6.68329906e+00 2.76424170e+00 0.</data></globfeat>
</opencv_storage>
