<?xml version="1.0"?>
<opencv_storage>
<globfeat type_id="opencv-matrix">
  <rows>1</rows>
  <cols>64</cols>
  <dt>f</dt>
  <data>
    5.08292084e+01 3.94094777e+00 0. 0. 4.55622339e+00 6.76272964e+00 0.
    2.81647801e+00 2.67008495e+01 1.11916552e+01 6.49222088e+00
    1.68670444e+01 1.38171854e+01 7.14992952e+00 0. 0. 0. 0. 0. 0. 0. 0.
    0. 0. 0. 0. 0. 0. 0. 0. 0. 0. 0. 0. 0. 0. 2.56082039e+01 0. 0. 0.
    1.91053753e+01 0. 0. 0. 5.00707197e+00 0. 0. 0. 2.20968876e+01
    2.76874113e+00 0. 0. 1.11651344e+01 0. 0. 0. 7.28783607e+00 0. 0. 0.
    1.08362799e+01 0. 0. 0.</data></globfeat>
</opencv_storage>
