<?xml version="1.0"?>
<opencv_storage>
<globfeat type_id="opencv-matrix">
  <rows>1</rows>
  <cols>64</cols>
  <dt>f</dt>
  <data>
    0. 0. 0. 0. 3.45138621e+00 5.02410173e+00 0. 3.85395837e+00
    3.36013651e+00 1.16692276e+01 1.45892191e+01 2.82766762e+01
    2.86094689e+00 4.80402899e+00 3.20984292e+00 5.17439556e+00 0. 0. 0.
    0. 0. 0. 0. 0. 0. 0. 0. 0. 0. 0. 0. 0. 9.13570690e+00 4.55711794e+00
    3.36550403e+00 0. 3.20823250e+01 0. 0. 0. 4.63441200e+01 0. 0. 0.
    2.90871887e+01 0. 0. 0. 1.75467834e+01 0. 0. 0. 1.46589975e+01 0. 0.
    0. 4.09550190e+00 0. 0. 0. 3.82712030e+00 4.02572250e+00 0. 0.</data></globfeat>
</opencv_storage>
