<?xml version="1.0"?>
<opencv_storage>
<globfeat type_id="opencv-matrix">
  <rows>1</rows>
  <cols>64</cols>
  <dt>f</dt>
  <data>
    5.97647810e+00 0. 0. 0. 0. 0. 0. 4.88788605e+00 4.24658680e+00
    1.09613676e+01 7.20518637e+00 1.97132168e+01 3.28733253e+00
    3.17416215e+00 3.37355757e+00 0. 0. 0. 0. 0. 0. 0. 0. 0. 0. 0. 0. 0.
    0. 0. 0. 0. 6.53694153e+00 1.27235937e+01 6.44532728e+00 0.
    5.53026314e+01 8.08899403e+00 0. 0. 3.43175964e+01 0. 0. 0.
    4.42442608e+00 0. 0. 0. 1.80210495e+01 8.28299999e+00 0. 0.
    1.35642881e+01 0. 0. 0. 5.95492220e+00 0. 0. 3.59450936e+00
    4.27353239e+00 6.19204092e+00 4.45137167e+00 0.</data></globfeat>
</opencv_storage>
