<?xml version="1.0"?>
<opencv_storage>
<globfeat type_id="opencv-matrix">
  <rows>1</rows>
  <cols>64</cols>
  <dt>f</dt>
  <data>
    0. 0. 0. 0. 3.84207582e+00 2.90618539e+00 2.96638894e+00
    8.18219852e+00 1.84605713e+01 8.48321533e+00 1.66380482e+01
    8.38470078e+00 9.06883144e+00 0. 0. 0. 0. 0. 0. 0. 0. 0. 0. 0. 0. 0.
    0. 0. 0. 0. 0. 0. 9.93904495e+00 1.98507252e+01 1.29054337e+01 0.
    2.87279987e+01 6.41440582e+00 0. 0. 2.36216507e+01 0. 0. 0.
    3.55747747e+00 0. 0. 0. 7.47617579e+00 4.88195372e+00 0. 0.
    1.65559540e+01 3.65599227e+00 0. 0. 1.40547724e+01 0. 2.82956290e+00
    0. 1.79461060e+01 3.65051937e+00 0. 0.</data></globfeat>
</opencv_storage>
