<?xml version="1.0"?>
<opencv_storage>
<globfeat type_id="opencv-matrix">
  <rows>1</rows>
  <cols>64</cols>
  <dt>f</dt>
  <data>
    0. 0. 0. 0. 0. 4.87922621e+00 5.21989250e+00 6.09903240e+00
    4.45064545e+00 7.75840902e+00 1.48629580e+01 1.86377640e+01
    3.80777431e+00 0. 0. 0. 2.82423663e+00 0. 0. 0. 6.25288200e+00 0. 0.
    0. 0. 0. 0. 0. 0. 0. 0. 0. 1.04947319e+01 4.84076357e+00 0. 0.
    5.73968430e+01 1.31980867e+01 0. 0. 1.31816025e+01 0. 0. 0. 0. 0. 0.
    0. 2.07751732e+01 8.84634495e+00 0. 0. 2.15114517e+01 0. 0. 0.
    8.43974209e+00 3.98909688e+00 0. 0. 1.28684092e+01 4.66493559e+00 0.
    0.</data></globfeat>
</opencv_storage>
