<?xml version="1.0"?>
<opencv_storage>
<globfeat type_id="opencv-matrix">
  <rows>1</rows>
  <cols>64</cols>
  <dt>f</dt>
  <data>
    9.69877243e+00 2.33260269e+01 1.12691011e+01 0. 4.81744766e+00
    4.60452175e+00 4.95052624e+00 0. 1.47983475e+01 7.59612989e+00 0. 0.
    3.34825921e+00 0. 0. 0. 3.24711943e+00 2.88514543e+00 0. 0. 0. 0. 0.
    0. 0. 0. 0. 0. 0. 0. 0. 0. 1.25200405e+01 5.81819916e+00 0. 0.
    3.67243881e+01 0. 0. 0. 6.24405098e+00 0. 0. 0. 0. 0. 0. 0.
    1.32918968e+01 1.35101461e+01 3.82734227e+00 0. 1.93283443e+01
    3.04483986e+00 0. 0. 1.00873623e+01 4.08817673e+00 4.22125530e+00 0.
    1.29991236e+01 1.18759394e+01 6.87750530e+00 0.</data></globfeat>
</opencv_storage>
