<?xml version="1.0"?>
<opencv_storage>
<globfeat type_id="opencv-matrix">
  <rows>1</rows>
  <cols>64</cols>
  <dt>f</dt>
  <data>
    0. 0. 0. 0. 0. 6.37618732e+00 0. 0. 4.49711227e+00 5.08828201e+01 0.
    0. 2.92417884e+00 0. 0. 0. 0. 0. 0. 0. 0. 0. 0. 0. 0. 0. 0. 0. 0. 0.
    0. 0. 0. 1.35810680e+01 2.91890049e+00 1.30426817e+01 1.05935497e+01
    5.30733147e+01 1.12691727e+01 2.88195229e+00 1.97197323e+01
    1.51434450e+01 0. 0. 5.14634323e+00 0. 0. 0. 0. 3.69481063e+00 0. 0.
    3.83204651e+00 4.69768763e+00 0. 0. 8.35027218e+00 5.84307909e+00 0.
    0. 1.25095730e+01 4.02206516e+00 0. 0.</data></globfeat>
</opencv_storage>
