<?xml version="1.0"?>
<opencv_storage>
<globfeat type_id="opencv-matrix">
  <rows>1</rows>
  <cols>64</cols>
  <dt>f</dt>
  <data>
    0. 0. 0. 0. 0. 3.53971815e+00 4.33831310e+00 5.19086695e+00 0.
    6.88518333e+00 9.71803665e+00 6.89597511e+00 0. 0. 0. 0. 0. 0. 0. 0.
    0. 0. 0. 0. 0. 0. 0. 0. 0. 0. 0. 0. 1.37541790e+01 1.10076599e+01 0.
    0. 6.06608391e+01 1.07756357e+01 0. 0. 2.33373184e+01 0. 0. 0.
    7.49492121e+00 0. 0. 0. 7.88882303e+00 1.01712933e+01 4.24118662e+00
    0. 1.90853386e+01 4.96423864e+00 0. 0. 1.22595110e+01 4.02535009e+00
    2.80587411e+00 2.92998004e+00 8.37445450e+00 1.04249010e+01
    4.23039484e+00 0.</data></globfeat>
</opencv_storage>
