<?xml version="1.0"?>
<opencv_storage>
<globfeat type_id="opencv-matrix">
  <rows>1</rows>
  <cols>64</cols>
  <dt>f</dt>
  <data>
    0. 0. 0. 0. 0. 6.13095617e+00 0. 0. 4.83575869e+00 5.18981438e+01
    2.68063450e+00 0. 3.22206950e+00 0. 0. 0. 0. 0. 0. 0. 0. 0. 0. 0. 0.
    0. 0. 0. 0. 0. 0. 0. 0. 1.46187477e+01 0. 1.16992445e+01
    1.07384624e+01 5.13407860e+01 9.42734051e+00 2.85049653e+00
    1.97517643e+01 1.70817451e+01 0. 0. 5.00031233e+00 0. 0. 0. 0.
    3.32823324e+00 0. 0. 4.58096552e+00 4.09792042e+00 0. 0.
    9.18316364e+00 5.36657715e+00 0. 0. 1.35252609e+01 3.64141631e+00 0.
    0.</data></globfeat>
</opencv_storage>
