<?xml version="1.0"?>
<opencv_storage>
<globfeat type_id="opencv-matrix">
  <rows>1</rows>
  <cols>64</cols>
  <dt>f</dt>
  <data>
    3.55774269e+01 4.82251015e+01 3.90047884e+00 0. 3.54839063e+00
    3.05876756e+00 3.53188634e+00 0. 1.00565243e+01 9.91898918e+00 0. 0.
    6.07352448e+00 0. 0. 0. 7.25632095e+00 0. 0. 0. 0. 0. 0. 0. 0. 0. 0.
    0. 0. 0. 0. 0. 1.35994129e+01 0. 0. 0. 2.77654686e+01 0. 0. 0.
    5.41335869e+00 0. 0. 0. 0. 0. 0. 0. 1.74723854e+01 1.11127892e+01 0.
    0. 1.87101955e+01 0. 0. 0. 9.02226448e+00 0. 0. 0. 1.13273430e+01
    6.22756290e+00 3.20180345e+00 0.</data></globfeat>
</opencv_storage>
