<?xml version="1.0"?>
<opencv_storage>
<globfeat type_id="opencv-matrix">
  <rows>1</rows>
  <cols>64</cols>
  <dt>f</dt>
  <data>
    2.57730770e+01 8.65110302e+00 0. 0. 4.78978348e+00 0. 0. 0.
    9.74887562e+00 2.25671444e+01 7.06725216e+00 0. 1.50957384e+01
    5.87663317e+00 0. 0. 6.32994223e+00 0. 0. 0. 2.96016288e+00 0. 0. 0.
    0. 0. 0. 0. 4.06503525e+01 0. 0. 0. 0. 0. 0. 0. 4.47847509e+00 0. 0.
    0. 8.36164093e+00 0. 0. 0. 6.83786678e+00 0. 0. 0. 1.76353607e+01 0.
    0. 0. 1.87768269e+01 0. 0. 0. 1.32825012e+01 0. 0. 0. 3.61172638e+01
    0. 0. 0.</data></globfeat>
</opencv_storage>
