<?xml version="1.0"?>
<opencv_storage>
<globfeat type_id="opencv-matrix">
  <rows>1</rows>
  <cols>64</cols>
  <dt>f</dt>
  <data>
    5.05439854e+00 1.28406172e+01 0. 0. 9.34877777e+00 7.80216312e+00 0.
    8.97142506e+00 3.52851257e+01 1.07465763e+01 5.98980808e+00
    1.72466068e+01 1.03267050e+01 0. 3.06133938e+00 4.20402670e+00 0. 0.
    0. 0. 0. 0. 0. 0. 0. 0. 0. 0. 0. 0. 0. 0. 1.25164127e+01
    6.75514269e+00 0. 0. 2.14028015e+01 0. 0. 0. 1.67576427e+01 0. 0. 0.
    9.34346294e+00 0. 0. 0. 1.11451883e+01 0. 0. 0. 1.23569679e+01 0. 0.
    0. 1.64653282e+01 0. 0. 0. 7.66929245e+00 6.77108717e+00
    2.93909836e+00 0.</data></globfeat>
</opencv_storage>
