<?xml version="1.0"?>
<opencv_storage>
<globfeat type_id="opencv-matrix">
  <rows>1</rows>
  <cols>64</cols>
  <dt>f</dt>
  <data>
    5.06880760e+00 0. 0. 0. 0. 4.25649834e+00 0. 4.77096081e+00
    3.05969691e+00 1.12531862e+01 1.63544865e+01 2.55877304e+01 0.
    5.84862375e+00 3.29797411e+00 5.35582304e+00 0. 0. 0. 0. 0. 0. 0. 0.
    0. 0. 0. 0. 0. 0. 0. 0. 9.75853729e+00 4.57600689e+00 3.17883539e+00
    0. 3.07215214e+01 0. 0. 0. 4.85977325e+01 0. 0. 0. 3.10572758e+01 0.
    0. 0. 1.84610729e+01 0. 0. 0. 1.21575565e+01 0. 0. 0. 3.72037458e+00
    0. 0. 0. 3.31422019e+00 4.60308361e+00 0. 0.</data></globfeat>
</opencv_storage>
