<?xml version="1.0"?>
<opencv_storage>
<globfeat type_id="opencv-matrix">
  <rows>1</rows>
  <cols>64</cols>
  <dt>f</dt>
  <data>
    5.22365046e+00 0. 0. 0. 0. 3.95815563e+00 0. 5.58044195e+00
    3.05502725e+00 1.27998953e+01 1.25211515e+01 2.10674229e+01 0.
    4.72748756e+00 0. 4.71633768e+00 0. 0. 0. 0. 0. 0. 0. 0. 0. 0. 0. 0.
    0. 0. 0. 0. 7.39784861e+00 6.33862400e+00 5.12887764e+00 0.
    2.95412216e+01 0. 0. 0. 5.50629616e+01 0. 0. 0. 3.12359810e+01 0. 0.
    0. 1.82911396e+01 0. 0. 0. 1.21030369e+01 0. 0. 0. 5.79786205e+00 0.
    0. 0. 0. 6.24385118e+00 4.20902491e+00 0.</data></globfeat>
</opencv_storage>
