<?xml version="1.0"?>
<opencv_storage>
<globfeat type_id="opencv-matrix">
  <rows>1</rows>
  <cols>64</cols>
  <dt>f</dt>
  <data>
    0. 0. 0. 0. 4.53853321e+00 0. 0. 9.63661098e+00 1.90132313e+01
    2.27944012e+01 1.47177334e+01 1.65094090e+01 7.78841639e+00
    5.14329386e+00 0. 0. 0. 0. 0. 0. 0. 0. 0. 0. 0. 0. 0. 0. 0. 0. 0. 0.
    8.80011940e+00 7.18365574e+00 4.18811083e+00 0. 5.91591835e+01 0. 0.
    0. 2.26813602e+01 0. 0. 0. 0. 0. 0. 0. 5.81587839e+00 0. 0. 0.
    2.23309383e+01 0. 0. 0. 1.22252140e+01 0. 0. 0. 8.34230995e+00
    4.13159084e+00 0. 0.</data></globfeat>
</opencv_storage>
