<?xml version="1.0"?>
<opencv_storage>
<globfeat type_id="opencv-matrix">
  <rows>1</rows>
  <cols>64</cols>
  <dt>f</dt>
  <data>
    2.56912308e+01 3.62360978e+00 0. 0. 1.18758783e+01 4.07452393e+00
    4.96005344e+00 1.48095360e+01 4.31356239e+00 3.90067744e+00 0.
    3.54755211e+00 3.18899393e+00 0. 0. 0. 0. 0. 0. 0. 0. 0. 0. 0. 0. 0.
    0. 0. 0. 0. 0. 0. 6.03572798e+00 1.86341553e+01 9.82775116e+00 0.
    3.49974442e+01 3.87351394e+00 0. 0. 2.43765182e+01 0. 0. 0.
    5.27515030e+00 0. 0. 0. 8.89875984e+00 9.32251072e+00 3.08577275e+00
    0. 1.45107374e+01 3.28134990e+00 0. 0. 7.87741280e+00 0.
    4.97091913e+00 0. 8.31202888e+00 6.20414162e+00 5.53048706e+00 0.</data></globfeat>
</opencv_storage>
