<?xml version="1.0"?>
<opencv_storage>
<globfeat type_id="opencv-matrix">
  <rows>1</rows>
  <cols>64</cols>
  <dt>f</dt>
  <data>
    5.29054689e+00 0. 0. 0. 0. 0. 0. 3.03564930e+00 0. 6.42072582e+00
    5.95664263e+00 4.28594351e+00 4.20404673e+00 0. 0. 0. 0. 0. 0. 0. 0.
    0. 0. 0. 0. 0. 0. 0. 0. 0. 0. 0. 6.72647476e+00 8.23337936e+00 0. 0.
    1.87107372e+01 0. 0. 0. 4.90344696e+01 0. 0. 0. 2.46892185e+01 0. 0.
    0. 1.18859863e+01 9.09056854e+00 0. 0. 2.21340332e+01 0. 0. 0.
    1.18313885e+01 3.12846589e+00 4.02933311e+00 8.14602280e+00
    2.25162182e+01 1.06302319e+01 1.08267851e+01 4.19312716e+00</data></globfeat>
</opencv_storage>
