<?xml version="1.0"?>
<opencv_storage>
<globfeat type_id="opencv-matrix">
  <rows>1</rows>
  <cols>64</cols>
  <dt>f</dt>
  <data>
    0. 0. 0. 0. 0. 3.18242598e+00 0. 0. 5.17956066e+00 4.73034048e+00 0.
    4.28112078e+00 5.93186855e+00 0. 2.74403048e+00 0. 0. 0. 0. 0. 0. 0.
    0. 0. 0. 0. 0. 0. 0. 0. 0. 0. 1.04348927e+01 3.65870738e+00 0. 0.
    1.98306274e+01 0. 0. 0. 5.86583862e+01 0. 0. 0. 2.02744350e+01 0. 0.
    0. 1.14307547e+01 0. 0. 0. 2.18115253e+01 0. 0. 0. 1.88780632e+01
    2.89016223e+00 4.09710264e+00 4.49761200e+00 2.69964981e+01
    1.48080225e+01 1.06838579e+01 0.</data></globfeat>
</opencv_storage>
