<?xml version="1.0"?>
<opencv_storage>
<globfeat type_id="opencv-matrix">
  <rows>1</rows>
  <cols>64</cols>
  <dt>f</dt>
  <data>
    0. 0. 0. 0. 3.80999017e+00 3.51820898e+00 0. 5.13422823e+00
    3.80999017e+00 1.22267580e+01 1.02684565e+01 2.10026417e+01 0.
    4.55627680e+00 0. 2.91220164e+00 0. 0. 0. 0. 0. 0. 0. 0. 0. 0. 0. 0.
    0. 0. 0. 0. 7.04764032e+00 8.79271698e+00 5.75145769e+00 0.
    3.58834877e+01 0. 0. 0. 6.03987236e+01 0. 0. 0. 1.55878534e+01 0. 0.
    0. 1.86908360e+01 0. 0. 0. 1.79613819e+01 0. 0. 0. 5.02761602e+00 0.
    0. 0. 0. 7.92298412e+00 4.69655657e+00 0.</data></globfeat>
</opencv_storage>
