<?xml version="1.0"?>
<opencv_storage>
<globfeat type_id="opencv-matrix">
  <rows>1</rows>
  <cols>64</cols>
  <dt>f</dt>
  <data>
    0. 0. 0. 0. 0. 7.35649252e+00 0. 0. 5.91636133e+00 5.03025055e+01 0.
    0. 0. 0. 0. 0. 0. 0. 0. 0. 0. 0. 0. 0. 0. 0. 0. 0. 0. 0. 0. 0. 0.
    1.39982929e+01 3.60570240e+00 1.39284363e+01 1.42669744e+01
    5.51656342e+01 1.08600960e+01 0. 2.24241371e+01 1.01185360e+01 0. 0.
    4.43324089e+00 0. 0. 0. 0. 3.70242763e+00 0. 0. 4.23978996e+00
    4.34188890e+00 0. 0. 9.18352509e+00 5.66380072e+00 0. 0.
    1.18972063e+01 3.59495521e+00 0. 0.</data></globfeat>
</opencv_storage>
