<?xml version="1.0"?>
<opencv_storage>
<globfeat type_id="opencv-matrix">
  <rows>1</rows>
  <cols>64</cols>
  <dt>f</dt>
  <data>
    9.38909054e+00 0. 0. 0. 8.65248108e+00 3.79513526e+00 0. 0.
    1.82390690e+01 1.00349569e+01 6.60812616e+00 1.45239992e+01
    1.34511127e+01 0. 0. 3.02650023e+00 0. 0. 0. 0. 0. 0. 0. 0. 0. 0. 0.
    0. 0. 0. 0. 0. 1.19138422e+01 0. 0. 0. 1.76679287e+01 0. 0. 0.
    1.66324081e+01 0. 0. 0. 9.83212280e+00 0. 0. 0. 5.57100258e+01 0. 0.
    0. 1.68245659e+01 0. 0. 0. 1.20472860e+01 0. 0. 0. 2.07478065e+01
    5.90354395e+00 0. 0.</data></globfeat>
</opencv_storage>
