<?xml version="1.0"?>
<opencv_storage>
<globfeat type_id="opencv-matrix">
  <rows>1</rows>
  <cols>64</cols>
  <dt>f</dt>
  <data>
    2.71570206e+01 3.28277612e+00 0. 0. 2.77607489e+00 0. 0.
    7.91316128e+00 1.82681904e+01 1.30987616e+01 1.56484385e+01
    1.40205259e+01 7.66520119e+00 2.73834181e+00 0. 0. 0. 0. 0. 0. 0. 0.
    0. 0. 0. 0. 0. 0. 0. 0. 0. 0. 5.88096666e+00 1.02148781e+01
    1.32928171e+01 1.24626904e+01 3.24666023e+01 2.82997942e+00 0. 0.
    2.13730812e+01 0. 0. 0. 0. 0. 0. 0. 1.58802271e+01 2.92161679e+00 0.
    0. 9.68122482e+00 0. 0. 0. 9.09905720e+00 0. 0. 0. 6.32837296e+00 0.
    0. 0.</data></globfeat>
</opencv_storage>
