<?xml version="1.0"?>
<opencv_storage>
<globfeat type_id="opencv-matrix">
  <rows>1</rows>
  <cols>64</cols>
  <dt>f</dt>
  <data>
    5.33522511e+00 0. 0. 0. 2.92681360e+00 4.10401917e+00 0.
    4.49282122e+00 3.01861405e+00 1.05786495e+01 1.51902714e+01
    2.74429283e+01 0. 5.04902363e+00 3.28321528e+00 5.02202368e+00 0. 0.
    0. 0. 0. 0. 0. 0. 0. 0. 0. 0. 0. 0. 0. 0. 1.00494471e+01
    4.82222271e+00 3.35341573e+00 0. 2.83123322e+01 0. 0. 0.
    4.57652130e+01 0. 0. 0. 2.77831306e+01 0. 0. 0. 1.60596752e+01 0. 0.
    0. 1.37646646e+01 0. 0. 0. 5.99942827e+00 0. 0. 0. 8.13243771e+00
    4.51442099e+00 0. 0.</data></globfeat>
</opencv_storage>
