<?xml version="1.0"?>
<opencv_storage>
<globfeat type_id="opencv-matrix">
  <rows>1</rows>
  <cols>64</cols>
  <dt>f</dt>
  <data>
    0. 0. 0. 0. 0. 0. 0. 0. 6.16983509e+00 7.95740843e+00 5.18396187e+00
    6.84694624e+00 3.43972373e+00 3.02262330e+00 0. 0. 0. 0. 0. 0. 0. 0.
    0. 0. 0. 0. 0. 0. 0. 0. 0. 0. 1.22475834e+01 0. 0. 0. 5.14875183e+01
    0. 0. 0. 3.42022285e+01 0. 0. 0. 7.11237383e+00 0. 0. 0.
    9.88040352e+00 8.82411003e+00 0. 0. 2.88286762e+01 3.10929370e+00 0.
    0. 1.34013805e+01 3.38555479e+00 3.65098238e+00 7.89782238e+00
    1.03787575e+01 1.21771641e+01 1.16029739e+01 4.19267130e+00</data></globfeat>
</opencv_storage>
