<?xml version="1.0"?>
<opencv_storage>
<globfeat type_id="opencv-matrix">
  <rows>1</rows>
  <cols>64</cols>
  <dt>f</dt>
  <data>
    2.45349751e+01 1.99227276e+01 0. 0. 7.34138823e+00 0. 0.
    2.88743091e+00 2.07250938e+01 1.12222261e+01 1.26741295e+01
    1.02506523e+01 1.49011078e+01 4.86332893e+00 0. 0. 0. 0. 0. 0. 0. 0.
    0. 0. 0. 0. 0. 0. 0. 0. 0. 0. 0. 0. 0. 0. 1.22975082e+01 0. 0. 0.
    2.92290974e+01 0. 0. 0. 4.08825254e+00 0. 0. 0. 2.12327137e+01
    3.77167249e+00 0. 0. 1.26304626e+01 0. 0. 0. 1.56816425e+01 0. 0. 0.
    2.16639194e+01 5.08165979e+00 0. 0.</data></globfeat>
</opencv_storage>
