<?xml version="1.0"?>
<opencv_storage>
<globfeat type_id="opencv-matrix">
  <rows>1</rows>
  <cols>64</cols>
  <dt>f</dt>
  <data>
    1.30256472e+01 0. 0. 0. 2.14463768e+01 3.46990275e+00 4.72382402e+00
    1.47551937e+01 3.16723204e+00 8.84230614e+00 2.84834695e+00
    3.34018660e+00 0. 0. 0. 0. 0. 0. 0. 0. 0. 0. 0. 0. 0. 0. 0. 0. 0. 0.
    0. 0. 3.98336172e+00 1.84304790e+01 9.42602825e+00 0. 3.23749466e+01
    3.00508714e+00 0. 0. 2.21273861e+01 0. 0. 0. 6.12367535e+00 0. 0. 0.
    1.06961641e+01 1.02259436e+01 3.15642238e+00 0. 1.75494919e+01
    3.89147949e+00 0. 0. 1.05610428e+01 0. 4.82111073e+00 3.04292083e+00
    8.22075081e+00 6.09665155e+00 5.64805031e+00 0.</data></globfeat>
</opencv_storage>
