<?xml version="1.0"?>
<opencv_storage>
<globfeat type_id="opencv-matrix">
  <rows>1</rows>
  <cols>64</cols>
  <dt>f</dt>
  <data>
    2.58697968e+01 0. 0. 0. 0. 0. 0. 4.58228207e+00 0. 1.43470993e+01
    6.91361904e+00 1.97332897e+01 3.06021428e+00 3.30138707e+00
    4.23928118e+00 3.54255986e+00 0. 0. 0. 0. 0. 0. 0. 0. 0. 0. 0. 0.
    2.97446394e+00 0. 0. 0. 5.10214376e+00 2.27827854e+01 6.22761631e+00
    0. 4.15513840e+01 8.28026485e+00 0. 0. 2.94498730e+01 0. 0. 0.
    7.69609070e+00 0. 0. 0. 1.02257242e+01 3.12452698e+00 0. 0.
    1.22569351e+01 0. 0. 0. 4.05706167e+00 0. 0. 3.19419909e+00
    4.88240814e+00 4.33039093e+00 3.27459002e+00 0.</data></globfeat>
</opencv_storage>
