<?xml version="1.0"?>
<opencv_storage>
<globfeat type_id="opencv-matrix">
  <rows>1</rows>
  <cols>64</cols>
  <dt>f</dt>
  <data>
    0. 0. 0. 0. 0. 0. 0. 3.50234437e+00 0. 8.22853565e+00 1.01348028e+01
    2.03936825e+01 0. 4.18476582e+00 4.99690342e+00 3.20907235e+00 0. 0.
    0. 0. 0. 0. 0. 0. 0. 0. 0. 0. 1.10202589e+01 0. 0. 0. 0.
    2.54864635e+01 1.04844732e+01 0. 3.92251282e+01 5.74700308e+00 0. 0.
    6.07919006e+01 0. 0. 0. 1.26219749e+01 0. 0. 0. 0. 4.95742464e+00 0.
    0. 7.34871912e+00 0. 0. 0. 6.81293392e+00 0. 0. 3.02295732e+00
    6.12487268e+00 6.70577669e+00 0. 0.</data></globfeat>
</opencv_storage>
