<?xml version="1.0"?>
<opencv_storage>
<globfeat type_id="opencv-matrix">
  <rows>1</rows>
  <cols>64</cols>
  <dt>f</dt>
  <data>
    3.44440231e+01 5.48560944e+01 0. 0. 8.57867432e+00 0. 3.61576009e+00
    4.66654015e+00 0. 2.80746794e+00 7.03214169e+00 0. 0. 0. 0. 0. 0. 0.
    0. 0. 0. 0. 0. 0. 0. 0. 0. 0. 0. 0. 0. 0. 1.03030300e+01 0. 0. 0.
    1.63652210e+01 0. 0. 0. 9.73183727e+00 0. 0. 0. 1.12137060e+01 0. 0.
    0. 1.36116400e+01 7.32851553e+00 0. 0. 1.39134016e+01 0. 0. 0.
    9.51090431e+00 3.44332457e+00 5.23773289e+00 0. 1.34769239e+01
    1.68232536e+01 8.03981209e+00 0.</data></globfeat>
</opencv_storage>
