<?xml version="1.0"?>
<opencv_storage>
<globfeat type_id="opencv-matrix">
  <rows>1</rows>
  <cols>64</cols>
  <dt>f</dt>
  <data>
    2.74700584e+01 3.92586064e+00 0. 0. 2.19979801e+01 7.93396711e+00
    3.22403097e+00 1.13882856e+01 5.54884243e+00 1.07687016e+01
    7.59950113e+00 0. 4.20001316e+00 0. 0. 0. 0. 0. 0. 0. 0. 0. 0. 0. 0.
    0. 0. 0. 0. 0. 0. 0. 3.15275121e+00 0. 0. 0. 1.32470388e+01 0. 0. 0.
    2.08575058e+01 0. 0. 0. 5.27469015e+00 0. 0. 0. 1.06809731e+01
    8.54258537e+00 0. 0. 2.65269756e+01 0. 0. 0. 1.35047417e+01 0.
    5.13213062e+00 3.49270010e+00 2.94823360e+01 6.83735800e+00
    4.21097898e+00 0.</data></globfeat>
</opencv_storage>
