<?xml version="1.0"?>
<opencv_storage>
<globfeat type_id="opencv-matrix">
  <rows>1</rows>
  <cols>64</cols>
  <dt>f</dt>
  <data>
    1.84446888e+01 0. 0. 0. 8.32968235e+00 0. 0. 0. 2.05312157e+01
    1.03285875e+01 0. 0. 7.84227848e+00 0. 0. 0. 0. 0. 0. 0. 0. 0. 0. 0.
    0. 0. 0. 0. 0. 0. 0. 0. 5.32311106e+00 0. 0. 0. 1.62650604e+01 0. 0.
    0. 2.27546558e+01 0. 0. 0. 8.23110676e+00 0. 0. 0. 2.42223454e+01
    4.67688942e+00 0. 0. 2.07174168e+01 0. 0. 0. 2.85980301e+01
    3.60350513e+00 5.97480869e+00 0. 2.15334072e+01 1.93483028e+01
    8.27491856e+00 0.</data></globfeat>
</opencv_storage>
