<?xml version="1.0"?>
<opencv_storage>
<globfeat type_id="opencv-matrix">
  <rows>1</rows>
  <cols>64</cols>
  <dt>f</dt>
  <data>
    3.31359901e+01 0. 0. 0. 0. 0. 0. 3.20217204e+00 1.15105104e+01
    1.07153769e+01 4.77080393e+00 6.62070704e+00 1.98296661e+01
    4.13253307e+00 0. 4.07303286e+00 0. 0. 0. 0. 0. 0. 0. 0. 0. 0. 0. 0.
    0. 0. 0. 0. 7.04261494e+00 1.25652800e+01 0. 0. 1.09587851e+01 0. 0.
    0. 2.20636139e+01 0. 0. 0. 9.11969948e+00 0. 0. 0. 9.09806347e+00
    6.09602690e+00 0. 0. 1.22299175e+01 0. 0. 0. 1.36092310e+01
    2.95876384e+00 4.08926010e+00 1.03096962e+01 2.13117542e+01
    5.19812059e+00 6.48548031e+00 3.87289739e+00</data></globfeat>
</opencv_storage>
