<?xml version="1.0"?>
<opencv_storage>
<globfeat type_id="opencv-matrix">
  <rows>1</rows>
  <cols>64</cols>
  <dt>f</dt>
  <data>
    0. 0. 0. 0. 0. 0. 3.89086437e+00 6.66612768e+00 0. 0. 0.
    7.23217154e+00 0. 0. 0. 3.84689975e+00 0. 0. 0. 0. 0. 0. 0. 0.
    4.22609425e+00 0. 0. 0. 0. 0. 0. 0. 1.16121416e+01 3.20611610e+01 0.
    0. 5.54832840e+01 9.91401005e+00 0. 0. 1.44038916e+01 0. 0. 0.
    9.43589592e+00 0. 0. 0. 1.33212643e+01 1.50029087e+01 0. 0.
    2.31913090e+01 0. 0. 0. 1.28046808e+01 0. 5.19331455e+00
    1.24474688e+01 0. 3.79743958e+00 4.88006687e+00 5.58899593e+00</data></globfeat>
</opencv_storage>
