<?xml version="1.0"?>
<opencv_storage>
<globfeat type_id="opencv-matrix">
  <rows>1</rows>
  <cols>64</cols>
  <dt>f</dt>
  <data>
    1.66527691e+01 5.73871517e+00 0. 0. 3.50729942e+00 0. 0. 0.
    8.52246189e+00 1.64263134e+01 2.05301304e+01 1.25544748e+01
    3.34712362e+00 4.67271709e+00 0. 0. 0. 0. 0. 0. 0. 0. 0. 0. 0. 0. 0.
    0. 0. 0. 0. 0. 0. 0. 0. 0. 2.30377102e+01 0. 0. 0. 2.67438488e+01 0.
    0. 0. 5.99278736e+00 0. 0. 0. 7.45094013e+00 6.77157354e+00 0. 0.
    2.19551430e+01 0. 0. 0. 3.13558102e+01 0. 0. 4.04858351e+00
    1.86908684e+01 1.15105705e+01 5.49016666e+00 0.</data></globfeat>
</opencv_storage>
