<?xml version="1.0"?>
<opencv_storage>
<globfeat type_id="opencv-matrix">
  <rows>1</rows>
  <cols>64</cols>
  <dt>f</dt>
  <data>
    0. 3.12396073e+00 0. 0. 0. 4.90064621e+00 0. 0. 5.87755489e+00
    5.08797646e+01 0. 0. 4.24042797e+00 0. 0. 0. 0. 0. 0. 0. 0. 0. 0. 0.
    0. 0. 0. 0. 0. 0. 0. 0. 0. 1.50669374e+01 0. 9.93011570e+00
    1.30916500e+01 4.81905823e+01 8.96394253e+00 0. 2.40523510e+01
    1.43530426e+01 0. 0. 7.70791674e+00 0. 0. 0. 0. 3.43528318e+00 0. 0.
    4.63763237e+00 3.91837001e+00 0. 0. 8.81901646e+00 5.35689497e+00 0.
    0. 1.49703207e+01 3.48359203e+00 0. 0.</data></globfeat>
</opencv_storage>
