<?xml version="1.0"?>
<opencv_storage>
<globfeat type_id="opencv-matrix">
  <rows>1</rows>
  <cols>64</cols>
  <dt>f</dt>
  <data>
    1.00615406e+01 0. 0. 0. 0. 0. 0. 5.01377439e+00 0. 8.00504303e+00
    1.54152317e+01 2.50575409e+01 0. 4.49256849e+00 5.18373299e+00
    3.44449139e+00 0. 0. 0. 0. 0. 0. 0. 0. 0. 0. 0. 0. 0. 0. 0. 0. 0.
    1.80949097e+01 6.49241304e+00 0. 3.30342598e+01 4.73617554e+00 0. 0.
    6.01539612e+01 0. 0. 0. 1.60214176e+01 0. 0. 0. 6.34511566e+00
    3.03092575e+00 0. 0. 7.86341095e+00 0. 0. 0. 5.24605083e+00 0. 0. 0.
    9.26273537e+00 8.04469967e+00 0. 0.</data></globfeat>
</opencv_storage>
