<?xml version="1.0"?>
<opencv_storage>
<globfeat type_id="opencv-matrix">
  <rows>1</rows>
  <cols>64</cols>
  <dt>f</dt>
  <data>
    5.59020090e+00 7.66346025e+00 0. 0. 5.12344646e+00 5.17772007e+00 0.
    0. 1.06973648e+01 6.22520447e+00 3.33783841e+00 0. 0. 0. 0. 0.
    3.09903383e+00 0. 0. 0. 0. 0. 0. 0. 0. 0. 0. 0. 0. 0. 0. 0.
    4.72996140e+01 2.42223949e+01 3.17230339e+01 0. 2.66755714e+01 0. 0.
    0. 1.17339945e+01 0. 0. 0. 5.28626776e+00 0. 0. 0. 1.74273167e+01 0.
    0. 0. 1.15657463e+01 0. 0. 0. 4.36904049e+00 3.69604564e+00 0. 0.
    1.05671082e+01 8.72179890e+00 4.79780340e+00 0.</data></globfeat>
</opencv_storage>
