<?xml version="1.0"?>
<opencv_storage>
<globfeat type_id="opencv-matrix">
  <rows>1</rows>
  <cols>64</cols>
  <dt>f</dt>
  <data>
    1.61345100e+01 0. 0. 0. 2.03698864e+01 3.37963557e+00 4.79864931e+00
    1.48563147e+01 6.05518055e+00 4.89072275e+00 2.95176506e+00
    3.60711098e+00 0. 0. 0. 0. 0. 0. 0. 0. 0. 0. 0. 0. 0. 0. 0. 0. 0. 0.
    0. 0. 3.96998858e+00 1.89617062e+01 9.54313755e+00 0. 3.24964943e+01
    2.97884536e+00 0. 0. 1.92379265e+01 0. 0. 0. 5.64355803e+00 0. 0. 0.
    1.21970186e+01 1.01389065e+01 3.11966372e+00 0. 1.82251186e+01
    3.94832420e+00 0. 0. 1.07671728e+01 0. 4.92321920e+00 2.82719517e+00
    7.48502636e+00 5.98477125e+00 5.50815630e+00 0.</data></globfeat>
</opencv_storage>
