<?xml version="1.0"?>
<opencv_storage>
<globfeat type_id="opencv-matrix">
  <rows>1</rows>
  <cols>64</cols>
  <dt>f</dt>
  <data>
    0. 0. 0. 0. 4.39435291e+00 0. 0. 3.72483850e+00 1.49790583e+01
    2.40228176e+01 1.72107735e+01 2.79283180e+01 7.90133333e+00
    7.20525122e+00 3.14565539e+00 3.21473217e+00 0. 0. 0. 0. 0. 0. 0. 0.
    0. 0. 0. 0. 0. 0. 0. 0. 3.31037712e+00 0. 0. 0. 3.84545746e+01 0. 0.
    0. 2.83693466e+01 0. 0. 0. 4.51125240e+00 0. 0. 0. 1.42617207e+01
    2.86934781e+00 0. 0. 2.64883308e+01 0. 0. 0. 9.01187706e+00 0. 0. 0.
    7.75786591e+00 6.23817444e+00 0. 0.</data></globfeat>
</opencv_storage>
