<?xml version="1.0"?>
<opencv_storage>
<globfeat type_id="opencv-matrix">
  <rows>1</rows>
  <cols>64</cols>
  <dt>f</dt>
  <data>
    0. 3.68573666e+00 0. 0. 5.90931749e+00 3.46503377e+00 0. 0.
    2.67381439e+01 1.90632038e+01 1.35842571e+01 2.24344387e+01
    1.17413883e+01 4.77269793e+00 0. 0. 0. 0. 0. 0. 0. 0. 0. 0. 0. 0. 0.
    0. 0. 0. 0. 0. 4.22094107e+00 0. 0. 0. 2.65339928e+01 0. 0. 0.
    3.11135769e+01 0. 0. 0. 1.17910471e+01 0. 0. 0. 9.57298374e+00 0. 0.
    0. 2.82665100e+01 0. 0. 0. 1.72534409e+01 0. 0. 0. 5.86517668e+00
    8.98812103e+00 0. 0.</data></globfeat>
</opencv_storage>
