<?xml version="1.0"?>
<opencv_storage>
<globfeat type_id="opencv-matrix">
  <rows>1</rows>
  <cols>64</cols>
  <dt>f</dt>
  <data>
    0. 0. 0. 0. 0. 0. 0. 5.41860104e+00 9.96305847e+00 1.80855312e+01
    1.06526003e+01 2.24236679e+01 3.15451622e+00 3.84405756e+00
    2.77445388e+00 2.92104936e+00 0. 0. 0. 0. 0. 0. 0. 0. 0. 0. 0. 0. 0.
    0. 0. 0. 3.85491633e+00 1.93125877e+01 5.51090145e+00 0.
    3.77293167e+01 5.13626909e+00 0. 0. 4.62644272e+01 0. 0. 0.
    1.91171284e+01 0. 0. 0. 4.75620651e+00 2.94276714e+00 0. 0.
    7.59038448e+00 0. 0. 0. 6.54249907e+00 0. 0. 0. 1.42577610e+01
    2.74730659e+00 0. 0.</data></globfeat>
</opencv_storage>
