<?xml version="1.0"?>
<opencv_storage>
<globfeat type_id="opencv-matrix">
  <rows>1</rows>
  <cols>64</cols>
  <dt>f</dt>
  <data>
    0. 0. 0. 0. 0. 0. 0. 0. 1.29501228e+01 6.29588795e+00 0. 0.
    3.71578670e+00 0. 0. 0. 0. 0. 0. 0. 0. 0. 0. 0. 0. 0. 0. 0. 0. 0. 0.
    0. 4.64749002e+00 1.68643799e+01 3.11817360e+01 1.95712795e+01
    3.58733292e+01 9.41626644e+00 5.67291451e+00 0. 2.83204689e+01 0. 0.
    0. 1.24153585e+01 0. 0. 0. 2.97152662e+00 2.95498753e+00 0. 0.
    1.43283825e+01 0. 0. 0. 1.25145931e+01 0. 5.15468931e+00
    4.60889864e+00 1.41354256e+01 7.54734707e+00 3.85912561e+00 0.</data></globfeat>
</opencv_storage>
