<?xml version="1.0"?>
<opencv_storage>
<globfeat type_id="opencv-matrix">
  <rows>1</rows>
  <cols>64</cols>
  <dt>f</dt>
  <data>
    0. 0. 0. 0. 0. 0. 0. 0. 1.43212004e+01 7.13856792e+00 4.58829260e+00
    3.98239541e+00 5.96533108e+00 4.65989828e+00 0. 0. 0. 0. 0. 0. 0. 0.
    0. 0. 0. 0. 0. 0. 0. 0. 0. 0. 5.87169218e+00 0. 0. 0. 3.13248730e+01
    0. 0. 0. 3.95705795e+01 0. 0. 0. 1.56431580e+01 0. 0. 0.
    7.70039940e+00 4.16967249e+00 0. 0. 1.73121281e+01 0. 0. 0.
    3.86782570e+01 0. 4.93530607e+00 4.00442791e+00 1.96586018e+01
    1.66897068e+01 8.78550625e+00 0.</data></globfeat>
</opencv_storage>
