<?xml version="1.0"?>
<opencv_storage>
<globfeat type_id="opencv-matrix">
  <rows>1</rows>
  <cols>64</cols>
  <dt>f</dt>
  <data>
    1.30170155e+01 3.78182526e+01 0. 0. 6.49235773e+00 0. 0.
    3.02007675e+00 2.85050030e+01 2.12212887e+01 1.47450809e+01
    1.29739485e+01 3.21334038e+01 7.85435295e+00 0. 0. 3.70376635e+00 0.
    0. 0. 0. 0. 0. 0. 0. 0. 0. 0. 0. 0. 0. 0. 1.48419819e+01 0. 0. 0.
    3.88680124e+00 0. 0. 0. 7.98893785e+00 0. 0. 0. 8.33347416e+00 0. 0.
    0. 1.20049400e+01 0. 0. 0. 9.29171562e+00 0. 0. 0. 8.51112556e+00 0.
    0. 0. 8.65647697e+00 0. 0. 0.</data></globfeat>
</opencv_storage>
