<?xml version="1.0"?>
<opencv_storage>
<globfeat type_id="opencv-matrix">
  <rows>1</rows>
  <cols>64</cols>
  <dt>f</dt>
  <data>
    8.28525543e+00 0. 0. 0. 4.36972809e+00 6.93309355e+00 9.38160324e+00
    7.22545290e+00 1.44509058e+01 1.96820488e+01 1.76198730e+01
    7.21501112e+00 8.88041592e+00 5.25724792e+00 0. 0. 0. 0. 0. 0. 0. 0.
    0. 0. 0. 0. 0. 0. 0. 0. 0. 0. 3.40964088e+01 0. 0. 0. 2.07053070e+01
    0. 0. 0. 5.80020094e+00 0. 0. 0. 0. 0. 0. 0. 2.64637432e+01
    5.05886126e+00 0. 0. 1.85491581e+01 0. 0. 0. 7.59090185e+00
    3.70147824e+00 3.56574011e+00 3.07499409e+00 8.26959324e+00
    5.28857183e+00 3.53441572e+00 0.</data></globfeat>
</opencv_storage>
