<?xml version="1.0"?>
<opencv_storage>
<globfeat type_id="opencv-matrix">
  <rows>1</rows>
  <cols>64</cols>
  <dt>f</dt>
  <data>
    5.14021826e+00 0. 0. 0. 0. 0. 0. 3.98876524e+00 1.14980021e+01
    1.14759645e+01 1.55969543e+01 1.35584965e+01 3.72431684e+00
    3.75186348e+00 3.74084473e+00 0. 0. 0. 0. 0. 0. 0. 0. 0. 0. 0. 0. 0.
    0. 0. 0. 0. 0. 2.29023438e+01 7.62493277e+00 0. 3.33150063e+01
    8.40175056e+00 0. 0. 5.40962524e+01 0. 0. 0. 1.93984013e+01 0. 0. 0.
    0. 0. 0. 0. 6.99135780e+00 0. 0. 0. 8.61661434e+00 0. 3.12930751e+00
    0. 6.94728327e+00 8.20892334e+00 2.89240575e+00 0.</data></globfeat>
</opencv_storage>
