<?xml version="1.0"?>
<opencv_storage>
<globfeat type_id="opencv-matrix">
  <rows>1</rows>
  <cols>64</cols>
  <dt>f</dt>
  <data>
    1.22527590e+01 2.16532536e+01 0. 0. 2.78150129e+00 0. 0. 0.
    1.83002110e+01 1.00809011e+01 8.91060257e+00 7.46269751e+00
    1.03476210e+01 3.04277754e+00 0. 0. 0. 0. 0. 0. 0. 0. 0. 0. 0. 0. 0.
    0. 0. 0. 0. 0. 4.66486645e+00 0. 0. 0. 2.50607281e+01 0. 0. 0.
    2.50389557e+01 0. 0. 0. 5.41603518e+00 0. 0. 0. 4.60716782e+01
    3.09176660e+00 0. 0. 1.40980206e+01 0. 0. 0. 1.62045593e+01 0. 0. 0.
    1.72278900e+01 3.29316688e+00 0. 0.</data></globfeat>
</opencv_storage>
