<?xml version="1.0"?>
<opencv_storage>
<globfeat type_id="opencv-matrix">
  <rows>1</rows>
  <cols>64</cols>
  <dt>f</dt>
  <data>
    0. 0. 0. 0. 0. 4.08845711e+00 4.33656931e+00 5.10787487e+00 0.
    6.67745399e+00 9.00215721e+00 6.97950363e+00 0. 0. 0. 0. 0. 0. 0. 0.
    0. 0. 0. 0. 0. 0. 0. 0. 0. 0. 0. 0. 1.57766981e+01 1.25674210e+01 0.
    0. 6.24487572e+01 1.19633217e+01 0. 0. 1.79665585e+01 0. 0. 0.
    6.73678493e+00 0. 0. 0. 8.68931961e+00 9.33117580e+00 4.01833868e+00
    0. 2.04476795e+01 5.34519958e+00 0. 0. 1.12351665e+01 3.84573889e+00
    2.88025880e+00 3.08522105e+00 7.61596537e+00 1.05393744e+01
    4.31499434e+00 0.</data></globfeat>
</opencv_storage>
