<?xml version="1.0"?>
<opencv_storage>
<globfeat type_id="opencv-matrix">
  <rows>1</rows>
  <cols>64</cols>
  <dt>f</dt>
  <data>
    0. 0. 0. 0. 6.76632357e+00 4.64602613e+00 0. 3.44068909e+00
    1.37737141e+01 1.52310762e+01 1.27163048e+01 2.01729584e+01
    6.40472221e+00 5.80753279e+00 0. 0. 3.47904086e+00 0. 0. 0. 0. 0. 0.
    0. 0. 0. 0. 0. 0. 0. 0. 0. 6.20200682e+00 6.49238348e+00
    3.80776906e+00 0. 3.32946930e+01 0. 0. 0. 5.73411674e+01 0. 0. 0.
    1.04864321e+01 0. 0. 0. 1.31491308e+01 0. 0. 0. 1.96086407e+01 0. 0.
    0. 7.16079760e+00 0. 0. 0. 0. 5.01858473e+00 0. 0.</data></globfeat>
</opencv_storage>
