<?xml version="1.0"?>
<opencv_storage>
<globfeat type_id="opencv-matrix">
  <rows>1</rows>
  <cols>64</cols>
  <dt>f</dt>
  <data>
    1.47210941e+01 4.44011450e+00 0. 0. 3.87981439e+00 0. 0. 0.
    2.02342358e+01 7.80191565e+00 9.96382904e+00 5.91486692e+00
    9.00180340e+00 0. 0. 0. 0. 0. 0. 0. 0. 0. 0. 0. 0. 0. 0. 0. 0. 0. 0.
    0. 4.72555065e+00 0. 0. 0. 1.03391237e+01 0. 0. 0. 3.19265389e+00 0.
    0. 0. 4.98984289e+00 0. 0. 0. 1.88123436e+01 0. 0. 0. 2.40453358e+01
    0. 0. 0. 4.40417099e+01 3.61023593e+00 0. 0. 4.49350166e+01
    2.03505249e+01 0. 0.</data></globfeat>
</opencv_storage>
