<?xml version="1.0"?>
<opencv_storage>
<globfeat type_id="opencv-matrix">
  <rows>1</rows>
  <cols>64</cols>
  <dt>f</dt>
  <data>
    0. 7.20376825e+00 0. 0. 5.40143108e+00 3.67163396e+00 0. 0.
    2.75484142e+01 1.91003094e+01 1.09702616e+01 1.86371689e+01
    1.12939014e+01 6.86896849e+00 0. 0. 3.11363482e+00 0. 0. 0. 0. 0. 0.
    0. 0. 0. 0. 0. 0. 0. 0. 0. 4.18499327e+00 0. 0. 0. 2.29337616e+01 0.
    0. 0. 3.66940193e+01 0. 0. 0. 1.10651217e+01 0. 0. 0. 1.02616034e+01
    0. 0. 0. 2.35196609e+01 0. 0. 0. 1.65669918e+01 0. 0. 0.
    6.86338854e+00 9.10096455e+00 0. 0.</data></globfeat>
</opencv_storage>
