<?xml version="1.0"?>
<opencv_storage>
<globfeat type_id="opencv-matrix">
  <rows>1</rows>
  <cols>64</cols>
  <dt>f</dt>
  <data>
    4.86796713e+00 0. 0. 0. 3.90295172e+00 0. 0. 3.31858134e+00
    2.90791359e+01 1.41321163e+01 5.43625450e+00 0. 8.34738445e+00
    3.08268857e+00 0. 0. 0. 0. 0. 0. 0. 0. 0. 0. 0. 0. 0. 0. 0. 0. 0. 0.
    9.56973743e+00 0. 0. 0. 2.26081696e+01 0. 0. 0. 2.42486973e+01 0. 0.
    0. 1.21323900e+01 0. 0. 0. 1.39712811e+01 0. 0. 0. 2.12732315e+01 0.
    0. 0. 2.28172569e+01 3.07732749e+00 6.77119255e+00 0. 2.33319321e+01
    1.35155792e+01 9.51612568e+00 0.</data></globfeat>
</opencv_storage>
