<?xml version="1.0"?>
<opencv_storage>
<globfeat type_id="opencv-matrix">
  <rows>1</rows>
  <cols>64</cols>
  <dt>f</dt>
  <data>
    0. 0. 0. 0. 4.10471630e+00 3.64128065e+00 3.37646031e+00
    7.68530941e+00 2.23883591e+01 8.23701859e+00 1.71250534e+01
    8.96527481e+00 1.00355902e+01 0. 0. 0. 0. 0. 0. 0. 0. 0. 0. 0. 0. 0.
    0. 0. 0. 0. 0. 0. 3.33784080e+00 1.92215481e+01 1.33458462e+01 0.
    2.69565125e+01 6.27293348e+00 0. 0. 1.95856762e+01 0. 0. 0.
    3.37094331e+00 0. 0. 0. 7.29359579e+00 7.88392448e+00 3.09508872e+00
    0. 2.13345947e+01 0. 0. 0. 1.39803114e+01 0. 0. 0. 2.08104706e+01
    2.95164418e+00 0. 0.</data></globfeat>
</opencv_storage>
