<?xml version="1.0"?>
<opencv_storage>
<globfeat type_id="opencv-matrix">
  <rows>1</rows>
  <cols>64</cols>
  <dt>f</dt>
  <data>
    0. 0. 0. 0. 3.10761452e+00 0. 0. 0. 2.81707382e+01 1.04775562e+01
    3.41624737e+00 0. 1.98216858e+01 4.82105970e+00 0. 0. 0. 0. 0. 0. 0.
    0. 0. 0. 0. 0. 0. 0. 0. 0. 0. 0. 1.30796518e+01 0. 0. 0.
    1.52134762e+01 0. 0. 0. 1.66129665e+01 0. 0. 0. 5.41704035e+00 0. 0.
    0. 1.39097681e+01 0. 0. 0. 2.50631237e+01 0. 0. 0. 2.74683323e+01
    3.54395771e+00 6.16201639e+00 3.00118947e+00 2.93573799e+01
    1.84328365e+01 7.92335272e+00 0.</data></globfeat>
</opencv_storage>
