<?xml version="1.0"?>
<opencv_storage>
<globfeat type_id="opencv-matrix">
  <rows>1</rows>
  <cols>64</cols>
  <dt>f</dt>
  <data>
    0. 0. 0. 0. 3.04639244e+00 0. 0. 9.25403214e+00 8.30237675e+00
    1.73485756e+01 1.77204876e+01 2.55470371e+01 6.51391983e+00
    5.37630844e+00 0. 0. 0. 0. 0. 0. 0. 0. 0. 0. 0. 0. 0. 0. 0. 0. 0. 0.
    2.81121325e+00 3.83396983e+00 0. 0. 5.12854996e+01 0. 0. 0.
    4.61553078e+01 0. 0. 0. 1.28254766e+01 0. 0. 0. 5.36536980e+00
    5.59507990e+00 0. 0. 1.60468864e+01 0. 0. 0. 1.12229757e+01 0. 0. 0.
    6.74909925e+00 0. 0. 0.</data></globfeat>
</opencv_storage>
