<?xml version="1.0"?>
<opencv_storage>
<globfeat type_id="opencv-matrix">
  <rows>1</rows>
  <cols>64</cols>
  <dt>f</dt>
  <data>
    1.54289999e+01 0. 0. 0. 0. 0. 0. 6.37791157e+00 2.54783707e+01
    2.92552032e+01 1.44972706e+01 1.67877731e+01 1.54012699e+01
    7.61467171e+00 0. 0. 0. 0. 0. 0. 0. 0. 0. 0. 0. 0. 0. 0. 0. 0. 0. 0.
    0. 5.36853790e+00 0. 0. 2.69702473e+01 7.96407032e+00 0. 0.
    2.08918209e+01 0. 0. 0. 1.27613697e+01 0. 0. 0. 1.29887552e+01 0. 0.
    0. 1.03155785e+01 0. 0. 0. 8.14708900e+00 0. 2.95602345e+00 0.
    7.54811954e+00 3.73801088e+00 4.50890636e+00 0.</data></globfeat>
</opencv_storage>
