<?xml version="1.0"?>
<opencv_storage>
<globfeat type_id="opencv-matrix">
  <rows>1</rows>
  <cols>64</cols>
  <dt>f</dt>
  <data>
    0. 0. 0. 0. 0. 4.38610840e+00 0. 0. 7.07401943e+00 5.05781555e+01 0.
    0. 4.16977739e+00 0. 0. 0. 0. 0. 0. 0. 0. 0. 0. 0. 0. 0. 0. 0. 0. 0.
    0. 0. 0. 1.55001068e+01 0. 9.79978848e+00 1.39533405e+01
    4.75278931e+01 8.82089138e+00 0. 2.59705200e+01 1.30231180e+01 0. 0.
    8.25843048e+00 0. 0. 0. 0. 3.36935329e+00 0. 0. 4.13191938e+00
    4.15355253e+00 0. 0. 9.04263020e+00 5.31092262e+00 0. 0.
    1.62734890e+01 3.65599155e+00 0. 0.</data></globfeat>
</opencv_storage>
