<?xml version="1.0"?>
<opencv_storage>
<globfeat type_id="opencv-matrix">
  <rows>1</rows>
  <cols>64</cols>
  <dt>f</dt>
  <data>
    2.92701197e+00 0. 0. 0. 6.51154089e+00 0. 0. 0. 2.13905182e+01
    1.08914537e+01 3.43605733e+00 0. 1.15171556e+01 4.04054880e+00 0. 0.
    0. 0. 0. 0. 0. 0. 0. 0. 0. 0. 0. 0. 0. 0. 0. 0. 7.07891464e+00 0. 0.
    0. 1.16391144e+01 0. 0. 0. 1.20315037e+01 0. 0. 0. 3.64815974e+00 0.
    0. 0. 2.29865875e+01 0. 0. 0. 2.96094818e+01 0. 0. 0. 3.35174675e+01
    3.16032434e+00 5.09045553e+00 0. 3.89419823e+01 2.01550217e+01
    6.42670012e+00 0.</data></globfeat>
</opencv_storage>
