<?xml version="1.0"?>
<opencv_storage>
<globfeat type_id="opencv-matrix">
  <rows>1</rows>
  <cols>64</cols>
  <dt>f</dt>
  <data>
    4.98282051e+00 9.96564102e+00 3.31650496e+00 0. 1.46420736e+01
    7.70267677e+00 3.61751676e+00 1.01913996e+01 1.22178535e+01
    6.21374369e+00 9.99789143e+00 0. 1.08310499e+01 3.11224699e+00 0. 0.
    0. 0. 0. 0. 0. 0. 0. 0. 0. 0. 0. 0. 0. 0. 0. 0. 2.80586004e+00
    5.08494949e+00 8.26707363e+00 0. 9.42274475e+00 0. 0. 0.
    2.72146912e+01 0. 0. 0. 1.57386169e+01 0. 0. 0. 1.09331789e+01
    3.88090205e+00 0. 0. 9.20236111e+00 0. 0. 0. 1.52494726e+01 0.
    4.84306479e+00 0. 3.38530769e+01 7.18665648e+00 4.52592754e+00 0.</data></globfeat>
</opencv_storage>
