<?xml version="1.0"?>
<opencv_storage>
<globfeat type_id="opencv-matrix">
  <rows>1</rows>
  <cols>64</cols>
  <dt>f</dt>
  <data>
    5.32359076e+00 0. 0. 0. 0. 0. 3.79170036e+00 6.39917326e+00 0. 0. 0.
    7.24116993e+00 0. 0. 0. 4.07417679e+00 0. 0. 0. 0. 0. 0. 0. 0. 0. 0.
    0. 0. 0. 0. 0. 0. 8.77306080e+00 3.18872223e+01 0. 0. 5.69406929e+01
    7.32808590e+00 0. 0. 1.37326918e+01 0. 0. 0. 6.75770092e+00 0. 0. 0.
    1.61554680e+01 1.57426186e+01 0. 0. 2.45645695e+01 0. 0. 0.
    1.18096800e+01 0. 5.13346243e+00 1.19726467e+01 2.76500797e+00
    4.17195702e+00 4.88357973e+00 5.55174494e+00</data></globfeat>
</opencv_storage>
