<?xml version="1.0"?>
<opencv_storage>
<globfeat type_id="opencv-matrix">
  <rows>1</rows>
  <cols>64</cols>
  <dt>f</dt>
  <data>
    0. 0. 0. 0. 0. 0. 0. 4.19974422e+00 4.38446808e+00 8.30169392e+00
    7.98657751e+00 1.72499199e+01 4.13998079e+00 3.52604675e+00
    4.45509768e+00 0. 0. 0. 0. 0. 0. 0. 0. 0. 0. 0. 0. 0. 0. 0. 0. 0. 0.
    2.18408432e+01 6.80217314e+00 0. 3.47769279e+01 4.55289221e+00 0. 0.
    5.84324074e+01 0. 0. 0. 1.67881107e+01 0. 0. 0. 2.84691596e+00
    7.38350916e+00 0. 0. 1.23547459e+01 0. 0. 0. 9.30680752e+00 0.
    3.10770226e+00 3.77053380e+00 9.19271374e+00 6.02524757e+00
    3.57494402e+00 0.</data></globfeat>
</opencv_storage>
