<?xml version="1.0"?>
<opencv_storage>
<globfeat type_id="opencv-matrix">
  <rows>1</rows>
  <cols>64</cols>
  <dt>f</dt>
  <data>
    0. 0. 0. 0. 0. 4.98661900e+00 0. 0. 7.41544628e+00 5.14836197e+01 0.
    0. 3.80444646e+00 0. 0. 0. 0. 0. 0. 0. 0. 0. 0. 0. 0. 0. 0. 0. 0. 0.
    0. 0. 0. 1.34767675e+01 0. 1.23751984e+01 1.42774210e+01
    4.63357925e+01 8.19460583e+00 0. 3.00540524e+01 1.09189758e+01 0. 0.
    7.37245846e+00 0. 0. 0. 0. 3.47666216e+00 0. 0. 4.45464134e+00
    3.96565175e+00 0. 0. 8.73195648e+00 5.07259512e+00 0. 0.
    1.50619535e+01 3.54114437e+00 0. 0.</data></globfeat>
</opencv_storage>
