<?xml version="1.0"?>
<opencv_storage>
<globfeat type_id="opencv-matrix">
  <rows>1</rows>
  <cols>64</cols>
  <dt>f</dt>
  <data>
    4.94289589e+01 0. 0. 0. 4.76121140e+00 4.72380543e+00 0. 0.
    3.34513817e+01 8.85446358e+00 7.79107285e+00 1.20179167e+01
    2.20533314e+01 8.22391033e+00 0. 0. 2.88023901e+00 0. 0. 0. 0. 0. 0.
    0. 0. 0. 0. 0. 0. 0. 0. 0. 5.42917013e+00 0. 0. 0. 2.72366924e+01 0.
    0. 0. 3.35368805e+01 0. 0. 0. 6.67958927e+00 0. 0. 0. 7.45976543e+00
    0. 0. 0. 5.81925821e+00 0. 0. 0. 7.63076258e+00 0. 0. 0.
    7.02158403e+00 0. 0. 0.</data></globfeat>
</opencv_storage>
